seconds_pre_waveform_query	1728585744.2602837
seconds_post_waveform_query	1728585744.3073459
xzero1	0
xmultiplier1	5e-06
yzero1	2.62
ymultiplier1	0.02
transfer_duty_cycle	0.6004769915461766
xzero4	0
xmultiplier4	5e-06
yzero4	2.4000000000000004
ymultiplier4	0.4
DataboxPlot_Note	'Note'
self.combo_binary	0
self.combo_autoscript	1
self.button_enabled	True
self.button_multi	True
self.button_link_x	True
self.button_script	False
self.number_file	0
self.script	"x = ( d[0] )\ny = ( d[1], d[2] )\n\nxlabels = 'x'\nylabels = ( 'y1', 'y4' )\n"
self.number_history	0
self.text_log_note	'Note'

x	y1	y4
0.0	0.0781	-5.195
5e-06	0.0781	-5.6
1e-05	0.0781	-5.195
1.5000000000000002e-05	0.0781	-5.6
2e-05	0.0781	-5.6
2.5e-05	0.0781	-5.195
3.0000000000000004e-05	0.0781	-5.195
3.5000000000000004e-05	0.0781	-5.6
4e-05	0.0781	-5.195
4.5e-05	0.0781	-5.6
5e-05	0.0781	-5.195
5.5e-05	0.0781	-5.6
6.000000000000001e-05	0.0781	-5.195
6.500000000000001e-05	0.0781	-5.6
7.000000000000001e-05	0.0781	-5.195
7.500000000000001e-05	0.0781	-5.6
8e-05	0.0781	-5.195
8.5e-05	0.0781	-5.6
9e-05	0.0781	-5.195
9.5e-05	0.0781	-5.6
0.0001	0.0781	-5.195
0.000105	0.0781	-5.6
0.00011	0.0781	-5.195
0.000115	0.0781	-5.6
0.00012000000000000002	0.0781	-5.195
0.000125	0.0781	-5.6
0.00013000000000000002	0.0781	-5.195
0.000135	0.0781	-5.6
0.00014000000000000001	0.0781	-5.195
0.000145	0.0781	-5.6
0.00015000000000000001	0.0781	-5.195
0.000155	0.0781	-5.6
0.00016	0.0781	-5.195
0.00016500000000000003	0.0781	-5.6
0.00017	0.0781	-5.195
0.00017500000000000003	0.0781	-5.6
0.00018	0.0781	-5.195
0.00018500000000000002	0.0781	-5.6
0.00019	0.0781	-5.6
0.00019500000000000002	0.0781	-5.195
0.0002	0.0781	-5.195
0.00020500000000000002	0.0781	-5.6
0.00021	0.0781	-5.195
0.00021500000000000002	0.0781	-5.6
0.00022	0.0781	-5.195
0.00022500000000000002	0.0781	-5.6
0.00023	0.0781	-5.195
0.00023500000000000002	0.0781	-5.6
0.00024000000000000003	0.0781	-5.6
0.00024500000000000005	0.0781	-5.195
0.00025	0.0781	-5.195
0.000255	0.0781	-5.6
0.00026000000000000003	0.0781	-5.195
0.00026500000000000004	0.0781	-5.6
0.00027	0.0781	-5.195
0.000275	0.0781	-5.6
0.00028000000000000003	0.0781	-5.195
0.00028500000000000004	0.0781	-5.6
0.00029	0.0781	-5.195
0.000295	0.0781	-5.6
0.00030000000000000003	0.0781	-5.195
0.00030500000000000004	0.0781	-5.6
0.00031	0.0781	-5.6
0.000315	0.0781	-5.195
0.00032	0.0781	-5.195
0.00032500000000000004	0.0781	-5.6
0.00033000000000000005	0.0781	-5.195
0.000335	0.0781	-5.6
0.00034	0.0781	-5.195
0.00034500000000000004	0.0781	-5.6
0.00035000000000000005	0.0781	-5.195
0.000355	0.0781	-5.6
0.00036	0.0781	-5.195
0.00036500000000000004	0.0781	-5.6
0.00037000000000000005	0.0781	-5.195
0.000375	0.0781	-5.6
0.00038	0.0781	-5.195
0.00038500000000000003	0.0781	-5.6
0.00039000000000000005	0.0781	-5.195
0.000395	0.0781	-5.6
0.0004	0.0781	-5.195
0.00040500000000000003	0.0781	-5.6
0.00041000000000000005	0.0781	-5.195
0.00041500000000000006	0.0781	-5.6
0.00042	0.0781	-5.195
0.00042500000000000003	0.0781	-5.6
0.00043000000000000004	0.0781	-5.195
0.00043500000000000006	0.0781	-5.6
0.00044	0.0781	-5.195
0.00044500000000000003	0.0781	-5.6
0.00045000000000000004	0.0781	-5.195
0.00045500000000000006	0.0781	-5.6
0.00046	0.0781	-5.6
0.000465	0.0781	-5.195
0.00047000000000000004	0.0781	-5.195
0.00047500000000000005	0.0781	-5.6
0.00048000000000000007	0.0781	-5.195
0.000485	0.0781	-5.6
0.0004900000000000001	0.0781	-5.195
0.000495	0.0781	-5.6
0.0005	0.0781	-5.195
0.000505	0.0781	-5.6
0.00051	0.0781	-5.195
0.000515	0.0781	-5.6
0.0005200000000000001	0.0781	-5.195
0.0005250000000000001	0.0781	-5.6
0.0005300000000000001	0.0781	-5.195
0.000535	0.0781	-5.6
0.00054	0.0781	-5.195
0.000545	0.0781	-5.6
0.00055	0.0781	-5.195
0.000555	0.0781	-5.6
0.0005600000000000001	0.0781	-5.195
0.0005650000000000001	0.0781	-5.6
0.0005700000000000001	0.0781	-5.195
0.0005750000000000001	0.0781	-5.6
0.00058	0.0781	-5.195
0.000585	0.0781	-5.6
0.00059	0.0781	-5.195
0.000595	0.0781	-5.6
0.0006000000000000001	0.0781	-5.195
0.0006050000000000001	0.0781	-5.6
0.0006100000000000001	0.0781	-5.195
0.0006150000000000001	0.0781	-5.6
0.00062	0.0781	-5.195
0.000625	0.0781	-5.6
0.00063	0.0781	-5.195
0.000635	0.0781	-5.6
0.00064	0.0781	-5.195
0.0006450000000000001	0.0781	-5.6
0.0006500000000000001	0.0781	-5.195
0.0006550000000000001	0.0781	-5.6
0.0006600000000000001	0.0781	-5.195
0.000665	0.0781	-5.6
0.00067	0.0781	-5.195
0.000675	0.0781	-5.6
0.00068	0.0781	-5.195
0.0006850000000000001	0.0781	-5.6
0.0006900000000000001	0.0781	-5.195
0.0006950000000000001	0.0781	-5.6
0.0007000000000000001	0.0781	-5.195
0.000705	0.0781	-5.6
0.00071	0.0781	-5.195
0.000715	0.0781	-5.6
0.00072	0.0781	-5.195
0.0007250000000000001	0.0781	-5.6
0.0007300000000000001	0.0781	-5.195
0.0007350000000000001	0.0781	-5.6
0.0007400000000000001	0.0781	-5.195
0.0007450000000000001	0.0781	-5.6
0.00075	0.0781	-5.195
0.000755	0.0781	-5.6
0.00076	0.0781	-5.195
0.0007650000000000001	0.0781	-5.6
0.0007700000000000001	0.0781	-5.195
0.0007750000000000001	0.0781	-5.6
0.0007800000000000001	0.0781	-5.195
0.0007850000000000001	0.0781	-5.6
0.00079	0.0781	-5.195
0.000795	0.0781	-5.6
0.0008	0.0781	-5.195
0.000805	0.0781	-5.195
0.0008100000000000001	0.0781	-5.195
0.0008150000000000001	0.0781	-5.6
0.0008200000000000001	0.0781	-5.195
0.0008250000000000001	0.0781	-5.6
0.0008300000000000001	0.0781	-5.195
0.000835	0.0781	-5.6
0.00084	0.0781	-5.195
0.000845	0.0781	-5.6
0.0008500000000000001	0.0781	-5.195
0.0008550000000000001	0.0781	-5.6
0.0008600000000000001	0.0781	-5.195
0.0008650000000000001	0.0781	-5.6
0.0008700000000000001	0.0781	-5.6
0.000875	0.0781	-5.195
0.00088	0.0781	-5.195
0.000885	0.0781	-5.6
0.0008900000000000001	0.0781	-5.195
0.0008950000000000001	0.0781	-5.6
0.0009000000000000001	0.0781	-5.195
0.0009050000000000001	0.0781	-5.6
0.0009100000000000001	0.0781	-5.195
0.0009150000000000001	0.0781	-5.6
0.00092	0.0781	-5.195
0.000925	0.0781	-5.6
0.00093	0.0781	-5.6
0.0009350000000000001	0.0781	-5.195
0.0009400000000000001	0.0781	-5.195
0.0009450000000000001	0.0781	-5.6
0.0009500000000000001	0.0781	-5.195
0.0009550000000000001	0.0781	-5.6
0.0009600000000000001	0.0781	-5.195
0.000965	0.0781	-5.6
0.00097	0.0781	-5.195
0.0009750000000000001	0.0781	-5.6
0.0009800000000000002	0.0781	-5.195
0.000985	0.0781	-5.6
0.00099	0.0781	-5.195
0.000995	0.0781	-5.6
0.001	0.0781	-5.6
0.001005	0.0781	-5.195
0.00101	0.0781	-5.195
0.001015	0.0781	-5.6
0.00102	0.0781	-5.195
0.001025	0.0781	-5.6
0.00103	0.0781	-5.195
0.0010350000000000001	0.0781	-5.6
0.0010400000000000001	0.0781	-5.195
0.0010450000000000001	0.0781	-5.6
0.0010500000000000002	0.0781	-5.195
0.0010550000000000002	0.0781	-5.6
0.0010600000000000002	0.0781	-5.195
0.0010650000000000002	0.0781	-5.6
0.00107	0.0781	-5.6
0.001075	0.0781	-5.195
0.00108	0.0781	-5.6
0.001085	0.0781	-5.195
0.00109	0.0781	-5.6
0.001095	0.0781	-5.195
0.0011	0.0781	-5.195
0.001105	0.0781	-5.6
0.00111	0.0781	-5.6
0.001115	0.0781	-5.195
0.0011200000000000001	0.0781	-5.195
0.0011250000000000001	0.0781	-5.6
0.0011300000000000001	0.0781	-5.195
0.0011350000000000002	0.0781	-5.6
0.0011400000000000002	0.0781	-5.195
0.0011450000000000002	0.0781	-5.6
0.0011500000000000002	0.0781	-5.6
0.001155	0.0781	-5.195
0.00116	0.0781	-5.195
0.001165	0.0781	-5.6
0.00117	0.0781	-5.195
0.001175	0.0781	-5.6
0.00118	0.0781	-5.6
0.001185	0.0781	-5.195
0.00119	0.0781	-5.195
0.001195	0.0781	-5.6
0.0012000000000000001	0.0781	-5.195
0.0012050000000000001	0.0781	-5.6
0.0012100000000000001	0.0781	-5.195
0.0012150000000000002	0.0781	-5.6
0.0012200000000000002	0.0781	-5.195
0.0012250000000000002	0.0781	-5.6
0.0012300000000000002	0.0781	-5.195
0.0012350000000000002	0.0781	-5.6
0.00124	0.0781	-5.195
0.001245	0.0781	-5.6
0.00125	0.0781	-5.195
0.001255	0.0781	-5.6
0.00126	0.0781	-5.195
0.001265	0.0781	-5.6
0.00127	0.0781	-5.195
0.001275	0.0781	-5.6
0.00128	0.0781	-5.195
0.0012850000000000001	0.0781	-5.6
0.0012900000000000001	0.0781	-5.6
0.0012950000000000001	0.0781	-5.195
0.0013000000000000002	0.0781	-5.195
0.0013050000000000002	0.0781	-5.6
0.0013100000000000002	0.0781	-5.195
0.0013150000000000002	0.0781	-5.6
0.0013200000000000002	0.0781	-5.195
0.001325	0.0781	-5.6
0.00133	0.0781	-5.195
0.001335	0.0781	-5.6
0.00134	0.0781	-5.195
0.001345	0.0781	-5.6
0.00135	0.0781	-5.195
0.001355	0.0781	-5.6
0.00136	0.0781	-5.195
0.0013650000000000001	0.0781	-5.6
0.0013700000000000001	0.0781	-5.6
0.0013750000000000001	0.0781	-5.195
0.0013800000000000002	0.0781	-5.6
0.0013850000000000002	0.0781	-5.195
0.0013900000000000002	0.0781	-5.195
0.0013950000000000002	0.0781	-5.6
0.0014000000000000002	0.0781	-5.195
0.0014050000000000002	0.0781	-5.6
0.00141	0.0781	-5.195
0.001415	0.0781	-5.6
0.00142	0.0781	-5.195
0.001425	0.0781	-5.6
0.00143	0.0781	-5.195
0.001435	0.0781	-5.6
0.00144	0.0781	-5.195
0.001445	0.0781	-5.6
0.0014500000000000001	0.0781	-5.195
0.0014550000000000001	0.0781	-5.6
0.0014600000000000001	0.0781	-5.195
0.0014650000000000002	0.0781	-5.6
0.0014700000000000002	0.0781	-5.195
0.0014750000000000002	0.0781	-5.6
0.0014800000000000002	0.0781	-5.195
0.0014850000000000002	0.0781	-5.6
0.0014900000000000002	0.0781	-5.195
0.001495	0.0781	-5.6
0.0015	0.0781	-5.195
0.001505	0.0781	-5.6
0.00151	0.0781	-5.6
0.001515	0.0781	-5.195
0.00152	0.0781	-5.195
0.001525	0.0781	-5.6
0.0015300000000000001	0.0781	-5.195
0.0015350000000000001	0.0781	-5.6
0.0015400000000000001	0.0781	-5.195
0.0015450000000000001	0.0781	-5.6
0.0015500000000000002	0.0781	-5.195
0.0015550000000000002	0.0781	-5.6
0.0015600000000000002	0.0781	-5.195
0.0015650000000000002	0.0781	-5.6
0.0015700000000000002	0.0781	-5.195
0.0015750000000000002	0.0781	-5.6
0.00158	0.0781	-5.195
0.001585	0.0781	-5.6
0.00159	0.0781	-5.195
0.001595	0.0781	-5.6
0.0016	0.0781	-5.6
0.001605	0.0781	-5.195
0.00161	0.0781	-5.6
0.0016150000000000001	0.0781	-5.195
0.0016200000000000001	0.0781	-5.195
0.0016250000000000001	0.0781	-5.6
0.0016300000000000002	0.0781	-5.6
0.0016350000000000002	0.0781	-5.195
0.0016400000000000002	0.0781	-5.195
0.0016450000000000002	0.0781	-5.6
0.0016500000000000002	0.0781	-5.195
0.0016550000000000002	0.0781	-5.6
0.0016600000000000002	0.0781	-5.195
0.001665	0.0781	-5.6
0.00167	0.0781	-5.195
0.001675	0.0781	-5.6
0.00168	0.0781	-5.195
0.001685	0.0781	-5.6
0.00169	0.0781	-5.195
0.0016950000000000001	0.0781	-5.6
0.0017000000000000001	0.0781	-5.195
0.0017050000000000001	0.0781	-5.6
0.0017100000000000001	0.0781	-5.195
0.0017150000000000002	0.0781	-5.6
0.0017200000000000002	0.0781	-5.195
0.0017250000000000002	0.0781	-5.6
0.0017300000000000002	0.0781	-5.6
0.0017350000000000002	0.0781	-5.195
0.0017400000000000002	0.0781	-5.195
0.0017450000000000002	0.0781	-5.6
0.00175	0.0781	-5.195
0.001755	0.0781	-5.6
0.00176	0.0781	-5.195
0.001765	0.0781	-5.6
0.00177	0.0781	-5.195
0.001775	0.0781	-5.6
0.0017800000000000001	0.0781	-5.195
0.0017850000000000001	0.0781	-5.6
0.0017900000000000001	0.0781	-5.195
0.0017950000000000002	0.0781	-5.6
0.0018000000000000002	0.0781	-5.195
0.0018050000000000002	0.0781	-5.6
0.0018100000000000002	0.0781	-5.195
0.0018150000000000002	0.0781	-5.6
0.0018200000000000002	0.0781	-5.195
0.0018250000000000002	0.0781	-5.6
0.0018300000000000002	0.0781	-5.195
0.001835	0.0781	-5.6
0.00184	0.0781	-5.195
0.001845	0.0781	-5.6
0.00185	0.0781	-5.195
0.001855	0.0781	-5.6
0.00186	0.0781	-5.195
0.0018650000000000001	0.0781	-5.6
0.0018700000000000001	0.0781	-5.195
0.0018750000000000001	0.0781	-5.6
0.0018800000000000002	0.0781	-5.195
0.0018850000000000002	0.0781	-5.6
0.0018900000000000002	0.0781	-5.6
0.0018950000000000002	0.0781	-5.195
0.0019000000000000002	0.0781	-5.195
0.0019050000000000002	0.0781	-5.6
0.0019100000000000002	0.0781	-5.195
0.0019150000000000003	0.0781	-5.6
0.0019200000000000003	0.0781	-5.6
0.001925	0.0781	-5.195
0.00193	0.0781	-5.195
0.001935	0.0781	-5.6
0.00194	0.0781	-5.195
0.0019450000000000001	0.0781	-5.6
0.0019500000000000001	0.0781	-5.195
0.001955	0.0781	-5.6
0.0019600000000000004	0.0781	-5.195
0.001965	0.0781	-5.6
0.00197	0.0781	-5.195
0.001975	0.0781	-5.6
0.00198	0.0781	-5.195
0.0019850000000000002	0.0781	-5.6
0.00199	0.0781	-5.195
0.0019950000000000002	0.0781	-5.6
0.002	0.0781	-5.195
0.0020050000000000003	0.0781	-5.6
0.00201	0.0781	-5.195
0.0020150000000000003	0.0781	-5.6
0.00202	0.0781	-5.195
0.0020250000000000003	0.0781	-5.6
0.00203	0.0781	-5.195
0.0020350000000000004	0.0781	-5.6
0.00204	0.0781	-5.195
0.0020450000000000004	0.0781	-5.6
0.00205	0.0781	-5.195
0.002055	0.0781	-5.6
0.00206	0.0781	-5.195
0.002065	0.0781	-5.6
0.0020700000000000002	0.0781	-5.195
0.002075	0.0781	-5.6
0.0020800000000000003	0.0781	-5.195
0.002085	0.0781	-5.6
0.0020900000000000003	0.0781	-5.195
0.002095	0.0781	-5.6
0.0021000000000000003	0.0781	-5.6
0.002105	0.0781	-5.195
0.0021100000000000003	0.0781	-5.6
0.002115	0.0781	-5.195
0.0021200000000000004	0.0781	-5.195
0.002125	0.0781	-5.6
0.0021300000000000004	0.0781	-5.195
0.002135	0.0781	-5.6
0.00214	0.0781	-5.195
0.002145	0.0781	-5.6
0.00215	0.0781	-5.6
0.0021550000000000002	0.0781	-5.195
0.00216	0.0781	-5.195
0.0021650000000000003	0.0781	-5.6
0.00217	0.0781	-5.195
0.0021750000000000003	0.0781	-5.6
0.00218	0.0781	-5.195
0.0021850000000000003	0.0781	-5.6
0.00219	0.0781	-5.195
0.0021950000000000003	0.0781	-5.6
0.0022	0.0781	-5.195
0.0022050000000000004	0.0781	-5.6
0.00221	0.0781	-5.195
0.0022150000000000004	0.0781	-5.6
0.00222	0.0781	-5.195
0.002225	0.0781	-5.6
0.00223	0.0781	-5.195
0.002235	0.0781	-5.6
0.0022400000000000002	0.0781	-5.195
0.002245	0.0781	-5.6
0.0022500000000000003	0.0781	-5.195
0.002255	0.0781	-5.6
0.0022600000000000003	0.0781	-5.195
0.002265	0.0781	-5.6
0.0022700000000000003	0.0781	-5.195
0.002275	0.0781	-5.6
0.0022800000000000003	0.0781	-5.195
0.002285	0.0781	-5.6
0.0022900000000000004	0.0781	-5.195
0.002295	0.0781	-5.195
0.0023000000000000004	0.0781	-5.195
0.002305	0.0781	-5.6
0.00231	0.0781	-5.195
0.0023150000000000002	0.0781	-5.6
0.00232	0.0781	-5.6
0.0023250000000000002	0.0781	-5.195
0.00233	0.0781	-5.195
0.0023350000000000003	0.0781	-5.6
0.00234	0.0781	-5.195
0.0023450000000000003	0.0781	-5.6
0.00235	0.0781	-5.195
0.0023550000000000003	0.0781	-5.6
0.00236	0.0781	-5.6
0.0023650000000000003	0.0781	-5.195
0.00237	0.0781	-5.195
0.0023750000000000004	0.0781	-5.6
0.00238	0.0781	-5.195
0.0023850000000000004	0.0781	-5.6
0.00239	0.0781	-5.195
0.002395	0.0781	-5.6
0.0024000000000000002	0.0781	-5.6
0.002405	0.0781	-5.195
0.0024100000000000002	0.0781	-5.6
0.002415	0.0781	-5.195
0.0024200000000000003	0.0781	-5.195
0.002425	0.0781	-5.6
0.0024300000000000003	0.0781	-5.6
0.002435	0.0781	-5.195
0.0024400000000000003	0.0781	-5.195
0.002445	0.0781	-5.6
0.0024500000000000004	0.0781	-5.195
0.002455	0.0781	-5.6
0.0024600000000000004	0.0781	-5.195
0.002465	0.0781	-5.6
0.0024700000000000004	0.0781	-5.195
0.002475	0.0781	-5.6
0.00248	0.0781	-5.195
0.0024850000000000002	0.0781	-5.6
0.00249	0.0781	-5.195
0.0024950000000000003	0.0781	-5.6
0.0025	0.0781	-5.195
0.0025050000000000003	0.0781	-5.6
0.00251	0.0781	-5.195
0.0025150000000000003	0.0781	-5.6
0.00252	0.0781	-5.195
0.0025250000000000003	0.0781	-5.6
0.00253	0.0781	-5.195
0.0025350000000000004	0.0781	-5.6
0.00254	0.0781	-5.195
0.0025450000000000004	0.0781	-5.6
0.00255	0.0781	-5.195
0.0025550000000000004	0.0781	-5.6
0.00256	0.0781	-5.195
0.002565	0.0781	-5.6
0.0025700000000000002	0.0781	-5.195
0.002575	0.0781	-5.6
0.0025800000000000003	0.0781	-5.195
0.002585	0.0781	-5.6
0.0025900000000000003	0.0781	-5.6
0.002595	0.0781	-5.195
0.0026000000000000003	0.0781	-5.195
0.002605	0.0781	-5.6
0.0026100000000000003	0.0781	-5.195
0.002615	0.0781	-5.6
0.0026200000000000004	0.0781	-5.195
0.002625	0.0781	-5.6
0.0026300000000000004	0.0781	-5.195
0.002635	0.0781	-5.6
0.0026400000000000004	0.0781	-5.6
0.002645	0.0781	-5.195
0.00265	0.0781	-5.6
0.0026550000000000002	0.0781	-5.195
0.00266	0.0781	-5.195
0.0026650000000000003	0.0781	-5.6
0.00267	0.0781	-5.195
0.0026750000000000003	0.0781	-5.6
0.00268	0.0781	-5.195
0.0026850000000000003	0.0781	-5.6
0.00269	0.0781	-5.195
0.0026950000000000003	0.0781	-5.6
0.0027	0.0781	-5.195
0.0027050000000000004	0.0781	-5.6
0.00271	0.0781	-5.195
0.0027150000000000004	0.0781	-5.6
0.00272	0.0781	-5.195
0.0027250000000000004	0.0781	-5.6
0.0027300000000000002	0.0781	-5.195
0.002735	0.0781	-5.6
0.0027400000000000002	0.0781	-5.195
0.002745	0.0781	-5.6
0.0027500000000000003	0.0781	-5.195
0.002755	0.0781	-5.6
0.0027600000000000003	0.0781	-5.195
0.002765	0.0781	-5.6
0.0027700000000000003	0.0781	-5.195
0.002775	0.0781	-5.6
0.0027800000000000004	0.0781	-5.6
0.002785	0.0781	-5.195
0.0027900000000000004	0.0781	-5.195
0.002795	0.0781	-5.6
0.0028000000000000004	0.0781	-5.195
0.002805	0.0781	-5.6
0.0028100000000000004	0.0781	-5.195
0.0028150000000000002	0.0781	-5.6
0.00282	0.0781	-5.195
0.0028250000000000003	0.0781	-5.6
0.00283	0.0781	-5.195
0.0028350000000000003	0.0781	-5.6
0.00284	0.0781	-5.195
0.0028450000000000003	0.0781	-5.6
0.00285	0.0781	-5.195
0.0028550000000000003	0.0781	-5.6
0.00286	0.0781	-5.195
0.0028650000000000004	0.0781	-5.6
0.00287	0.0781	-5.6
0.0028750000000000004	0.0781	-5.195
0.00288	0.0781	-5.6
0.0028850000000000004	0.0781	-5.195
0.00289	0.0781	-5.195
0.0028950000000000004	0.0781	-5.6
0.0029000000000000002	0.0781	-5.195
0.002905	0.0781	-5.6
0.0029100000000000003	0.0781	-5.195
0.002915	0.0781	-5.6
0.0029200000000000003	0.0781	-5.195
0.002925	0.0781	-5.6
0.0029300000000000003	0.0781	-5.195
0.002935	0.0781	-5.6
0.0029400000000000003	0.0781	-5.195
0.002945	0.0781	-5.6
0.0029500000000000004	0.0781	-5.195
0.002955	0.0781	-5.6
0.0029600000000000004	0.0781	-5.195
0.002965	0.0781	-5.6
0.0029700000000000004	0.0781	-5.195
0.002975	0.0781	-5.6
0.0029800000000000004	0.0781	-5.195
0.0029850000000000002	0.0781	-5.6
0.00299	0.0781	-5.195
0.0029950000000000003	0.0781	-5.6
0.003	0.0781	-5.6
0.0030050000000000003	0.0781	-5.195
0.00301	0.0781	-5.195
0.0030150000000000003	0.0781	-5.6
0.00302	0.0781	-5.195
0.0030250000000000003	0.0781	-5.6
0.00303	0.0781	-5.195
0.0030350000000000004	0.0781	-5.6
0.00304	0.0781	-5.6
0.0030450000000000004	0.0781	-5.195
0.00305	0.0781	-5.195
0.0030550000000000004	0.0781	-5.6
0.0030600000000000002	0.0781	-5.6
0.0030650000000000004	0.0781	-5.195
0.0030700000000000002	0.0781	-5.195
0.003075	0.0781	-5.6
0.0030800000000000003	0.0781	-5.195
0.003085	0.0781	-5.6
0.0030900000000000003	0.0781	-5.195
0.003095	0.0781	-5.6
0.0031000000000000003	0.0781	-5.6
0.003105	0.0781	-5.195
0.0031100000000000004	0.0781	-5.195
0.003115	0.0781	-5.6
0.0031200000000000004	0.0781	-5.195
0.003125	0.0781	-5.6
0.0031300000000000004	0.0781	-5.195
0.003135	0.0781	-5.6
0.0031400000000000004	0.0781	-5.195
0.0031450000000000002	0.0781	-5.6
0.0031500000000000005	0.0781	-5.195
0.0031550000000000003	0.0781	-5.6
0.00316	0.0781	-5.195
0.0031650000000000003	0.0781	-5.6
0.00317	0.0781	-5.195
0.0031750000000000003	0.0781	-5.6
0.00318	0.0781	-5.195
0.0031850000000000003	0.0781	-5.6
0.00319	0.0781	-5.195
0.0031950000000000004	0.0781	-5.6
0.0032	0.0781	-5.195
0.0032050000000000004	0.0781	-5.6
0.00321	0.0781	-5.195
0.0032150000000000004	0.0781	-5.6
0.00322	0.0781	-5.195
0.0032250000000000004	0.0781	-5.6
0.0032300000000000002	0.0781	-5.6
0.0032350000000000005	0.0781	-5.195
0.0032400000000000003	0.0781	-5.195
0.003245	0.0781	-5.6
0.0032500000000000003	0.0781	-5.195
0.003255	0.0781	-5.6
0.0032600000000000003	0.0781	-5.195
0.003265	0.0781	-5.6
0.0032700000000000003	0.0781	-5.195
0.003275	0.0781	-5.6
0.0032800000000000004	0.0781	-5.195
0.003285	0.0781	-5.6
0.0032900000000000004	0.0781	-5.195
0.003295	0.0781	-5.6
0.0033000000000000004	0.0781	-5.195
0.003305	0.0781	-5.6
0.0033100000000000004	0.0781	-5.195
0.0033150000000000002	0.0781	-5.6
0.0033200000000000005	0.0781	-5.195
0.0033250000000000003	0.0781	-5.6
0.00333	0.0781	-5.195
0.0033350000000000003	0.0781	-5.6
0.00334	0.0781	-5.195
0.0033450000000000003	0.0781	-5.6
0.00335	0.0781	-5.195
0.0033550000000000003	0.0781	-5.6
0.00336	0.0781	-5.195
0.0033650000000000004	0.0781	-5.6
0.00337	0.0781	-5.6
0.0033750000000000004	0.0781	-5.195
0.00338	0.0781	-5.195
0.0033850000000000004	0.0781	-5.6
0.0033900000000000002	0.0781	-5.195
0.0033950000000000004	0.0781	-5.6
0.0034000000000000002	0.0781	-5.195
0.0034050000000000005	0.0781	-5.6
0.0034100000000000003	0.0781	-5.195
0.003415	0.0781	-5.6
0.0034200000000000003	0.0781	-5.195
0.003425	0.0781	-5.6
0.0034300000000000003	0.0781	-5.195
0.003435	0.0781	-5.6
0.0034400000000000003	0.0781	-5.6
0.003445	0.0781	-5.195
0.0034500000000000004	0.0781	-5.195
0.003455	0.0781	-5.6
0.0034600000000000004	0.0781	-5.195
0.003465	0.0781	-5.6
0.0034700000000000004	0.0781	-5.195
0.0034750000000000002	0.0781	-5.6
0.0034800000000000005	0.0781	-5.195
0.0034850000000000003	0.0781	-5.6
0.0034900000000000005	0.0781	-5.195
0.0034950000000000003	0.0781	-5.6
0.0035	0.0781	-5.195
0.0035050000000000003	0.0781	-5.6
0.00351	0.0781	-5.195
0.0035150000000000003	0.0781	-5.6
0.00352	0.0781	-5.195
0.0035250000000000004	0.0781	-5.6
0.00353	0.0781	-5.195
0.0035350000000000004	0.0781	-5.6
0.00354	0.0781	-5.195
0.0035450000000000004	0.0781	-5.6
0.00355	0.0781	-5.195
0.0035550000000000004	0.0781	-5.6
0.0035600000000000002	0.0781	-5.195
0.0035650000000000005	0.0781	-5.6
0.0035700000000000003	0.0781	-5.195
0.0035750000000000005	0.0781	-5.6
0.0035800000000000003	0.0781	-5.195
0.003585	0.0781	-5.6
0.0035900000000000003	0.0781	-5.6
0.003595	0.0781	-5.195
0.0036000000000000003	0.0781	-5.195
0.003605	0.0781	-5.6
0.0036100000000000004	0.0781	-5.195
0.003615	0.0781	-5.6
0.0036200000000000004	0.0781	-5.195
0.003625	0.0781	-5.6
0.0036300000000000004	0.0781	-5.195
0.003635	0.0781	-5.6
0.0036400000000000004	0.0781	-5.195
0.0036450000000000002	0.0781	-5.6
0.0036500000000000005	0.0781	-5.195
0.0036550000000000003	0.0781	-5.6
0.0036600000000000005	0.0781	-5.195
0.0036650000000000003	0.0781	-5.6
0.00367	0.0781	-5.6
0.0036750000000000003	0.0781	-5.195
0.00368	0.0781	-5.195
0.0036850000000000003	0.0781	-5.6
0.00369	0.0781	-5.195
0.0036950000000000004	0.0781	-5.6
0.0037	0.0781	-5.6
0.0037050000000000004	0.0781	-5.195
0.00371	0.0781	-5.195
0.0037150000000000004	0.0781	-5.6
0.00372	0.0781	-5.195
0.0037250000000000004	0.0781	-5.6
0.0037300000000000002	0.0781	-5.195
0.0037350000000000005	0.0781	-5.6
0.0037400000000000003	0.0781	-5.195
0.0037450000000000005	0.0781	-5.6
0.0037500000000000003	0.0781	-5.195
0.003755	0.0781	-5.6
0.0037600000000000003	0.0781	-5.195
0.003765	0.0781	-5.6
0.0037700000000000003	0.0781	-5.195
0.003775	0.0781	-5.6
0.0037800000000000004	0.0781	-5.6
0.003785	0.0781	-5.195
0.0037900000000000004	0.0781	-5.195
0.003795	0.0781	-5.6
0.0038000000000000004	0.0781	-5.195
0.0038050000000000002	0.0781	-5.6
0.0038100000000000005	0.0781	-5.195
0.0038150000000000002	0.0781	-5.195
0.0038200000000000005	0.0781	-5.195
0.0038250000000000003	0.0781	-5.6
0.0038300000000000005	0.0781	-5.195
0.0038350000000000003	0.0781	-5.6
0.0038400000000000005	0.0781	-5.195
0.0038450000000000003	0.0781	-5.6
0.00385	0.0781	-5.195
0.0038550000000000004	0.0781	-5.6
0.00386	0.0781	-5.6
0.0038650000000000004	0.0781	-5.195
0.00387	0.0781	-5.195
0.0038750000000000004	0.0781	-5.6
0.00388	0.0781	-5.195
0.0038850000000000004	0.0781	-5.6
0.0038900000000000002	0.0781	-5.195
0.0038950000000000005	0.0781	-5.6
0.0039000000000000003	0.0781	-5.6
0.0039050000000000005	0.0781	-5.195
0.00391	0.0781	-5.195
0.003915	0.0781	-5.6
0.003920000000000001	0.0781	-5.6
0.0039250000000000005	0.0781	-5.195
0.00393	0.0781	-5.195
0.003935	0.0781	-5.6
0.00394	0.0781	-5.195
0.003945000000000001	0.0781	-5.6
0.00395	0.0781	-5.195
0.003955	0.0781	-5.6
0.00396	0.0781	-5.195
0.003965000000000001	0.0781	-5.6
0.0039700000000000004	0.0781	-5.6
0.003975	0.0781	-5.195
0.00398	0.0781	-5.6
0.003985000000000001	0.0781	-5.195
0.0039900000000000005	0.0781	-5.195
0.003995	0.0781	-5.6
0.004	0.0781	-5.195
0.004005000000000001	0.0781	-5.6
0.0040100000000000005	0.0781	-5.195
0.004015	0.0781	-5.6
0.00402	0.0781	-5.195
0.004025	0.0781	-5.6
0.004030000000000001	0.0781	-5.195
0.004035	0.0781	-5.6
0.00404	0.0781	-5.195
0.004045	0.0781	-5.6
0.004050000000000001	0.0781	-5.195
0.0040550000000000004	0.0781	-5.6
0.00406	0.0781	-5.195
0.004065	0.0781	-5.6
0.004070000000000001	0.0781	-5.6
0.0040750000000000005	0.0781	-5.195
0.00408	0.0781	-5.6
0.004085	0.0781	-5.195
0.004090000000000001	0.0781	-5.195
0.0040950000000000005	0.0781	-5.6
0.0041	0.0781	-5.195
0.004105	0.0781	-5.6
0.00411	0.0781	-5.195
0.004115000000000001	0.0781	-5.6
0.00412	0.0781	-5.195
0.004125	0.0781	-5.6
0.00413	0.0781	-5.195
0.004135000000000001	0.0781	-5.6
0.0041400000000000005	0.0781	-5.6
0.004145	0.0781	-5.195
0.00415	0.0781	-5.195
0.004155000000000001	0.0781	-5.6
0.0041600000000000005	0.0781	-5.195
0.004165	0.0781	-5.6
0.00417	0.0781	-5.195
0.004175000000000001	0.0781	-5.6
0.0041800000000000006	0.0781	-5.195
0.004185	0.0781	-5.6
0.00419	0.0781	-5.195
0.004195	0.0781	-5.6
0.004200000000000001	0.0781	-5.195
0.004205	0.0781	-5.6
0.00421	0.0781	-5.195
0.004215	0.0781	-5.6
0.004220000000000001	0.0781	-5.195
0.0042250000000000005	0.0781	-5.6
0.00423	0.0781	-5.6
0.004235	0.0781	-5.195
0.004240000000000001	0.0781	-5.195
0.0042450000000000005	0.0781	-5.6
0.00425	0.0781	-5.6
0.004255	0.0781	-5.195
0.004260000000000001	0.0781	-5.195
0.0042650000000000006	0.0781	-5.6
0.00427	0.0781	-5.6
0.004275	0.0781	-5.195
0.00428	0.0781	-5.195
0.004285000000000001	0.0781	-5.6
0.00429	0.0781	-5.195
0.004295	0.0781	-5.6
0.0043	0.0781	-5.6
0.004305000000000001	0.0781	-5.195
0.0043100000000000005	0.0781	-5.195
0.004315	0.0781	-5.6
0.00432	0.0781	-5.195
0.004325000000000001	0.0781	-5.6
0.0043300000000000005	0.0781	-5.195
0.004335	0.0781	-5.6
0.00434	0.0781	-5.195
0.004345000000000001	0.0781	-5.6
0.004350000000000001	0.0781	-5.195
0.004355	0.0781	-5.6
0.00436	0.0781	-5.195
0.004365	0.0781	-5.6
0.004370000000000001	0.0781	-5.6
0.004375	0.0781	-5.195
0.00438	0.0781	-5.195
0.004385	0.0781	-5.6
0.004390000000000001	0.0781	-5.195
0.0043950000000000005	0.0781	-5.6
0.0044	0.0781	-5.195
0.004405	0.0781	-5.6
0.004410000000000001	0.0781	-5.195
0.0044150000000000005	0.0781	-5.6
0.00442	0.0781	-5.195
0.004425	0.0781	-5.6
0.004430000000000001	0.0781	-5.195
0.004435000000000001	0.0781	-5.6
0.00444	0.0781	-5.195
0.004445	0.0781	-5.6
0.00445	0.0781	-5.195
0.004455000000000001	0.0781	-5.6
0.00446	0.0781	-5.195
0.004465	0.0781	-5.6
0.00447	0.0781	-5.195
0.004475000000000001	0.0781	-5.6
0.0044800000000000005	0.0781	-5.195
0.004485	0.0781	-5.6
0.00449	0.0781	-5.195
0.004495000000000001	0.0781	-5.6
0.0045000000000000005	0.0781	-5.6
0.004505	0.0781	-5.195
0.00451	0.0781	-5.195
0.004515000000000001	0.0781	-5.6
0.004520000000000001	0.0781	-5.6
0.004525	0.0781	-5.195
0.00453	0.0781	-5.195
0.004535	0.0781	-5.6
0.004540000000000001	0.0781	-5.195
0.004545	0.0781	-5.6
0.00455	0.0781	-5.195
0.004555	0.0781	-5.6
0.004560000000000001	0.0781	-5.195
0.0045650000000000005	0.0781	-5.6
0.00457	0.0781	-5.195
0.004575	0.0781	-5.6
0.004580000000000001	0.0781	-5.6
0.0045850000000000005	0.0781	-5.195
0.00459	0.0781	-5.195
0.004595	0.0781	-5.6
0.004600000000000001	0.0781	-5.195
0.004605000000000001	0.0781	-5.6
0.00461	0.0781	-5.195
0.004615	0.0781	-5.6
0.00462	0.0781	-5.195
0.004625000000000001	0.0781	-5.6
0.0046300000000000004	0.0781	-5.195
0.004635	0.0781	-5.6
0.00464	0.0781	-5.6
0.004645000000000001	0.0781	-5.195
0.0046500000000000005	0.0781	-5.195
0.004655	0.0781	-5.6
0.00466	0.0781	-5.195
0.004665000000000001	0.0781	-5.6
0.0046700000000000005	0.0781	-5.195
0.004675	0.0781	-5.6
0.00468	0.0781	-5.195
0.004685000000000001	0.0781	-5.6
0.004690000000000001	0.0781	-5.195
0.004695	0.0781	-5.6
0.0047	0.0781	-5.195
0.004705	0.0781	-5.6
0.004710000000000001	0.0781	-5.195
0.0047150000000000004	0.0781	-5.6
0.00472	0.0781	-5.195
0.004725	0.0781	-5.6
0.004730000000000001	0.0781	-5.195
0.0047350000000000005	0.0781	-5.6
0.00474	0.0781	-5.195
0.004745	0.0781	-5.6
0.004750000000000001	0.0781	-5.195
0.0047550000000000005	0.0781	-5.6
0.00476	0.0781	-5.195
0.004765	0.0781	-5.6
0.004770000000000001	0.0781	-5.195
0.004775000000000001	0.0781	-5.6
0.00478	0.0781	-5.195
0.004785	0.0781	-5.6
0.00479	0.0781	-5.195
0.004795000000000001	0.0781	-5.6
0.0048000000000000004	0.0781	-5.195
0.004805	0.0781	-5.6
0.00481	0.0781	-5.195
0.004815000000000001	0.0781	-5.6
0.0048200000000000005	0.0781	-5.195
0.004825	0.0781	-5.6
0.00483	0.0781	-5.6
0.004835000000000001	0.0781	-5.195
0.0048400000000000006	0.0781	-5.195
0.004845	0.0781	-5.6
0.00485	0.0781	-5.195
0.004855000000000001	0.0781	-5.6
0.004860000000000001	0.0781	-5.195
0.004865	0.0781	-5.6
0.00487	0.0781	-5.195
0.004875	0.0781	-5.6
0.004880000000000001	0.0781	-5.6
0.0048850000000000005	0.0781	-5.195
0.00489	0.0781	-5.195
0.004895	0.0781	-5.195
0.004900000000000001	0.0781	-5.6
0.0049050000000000005	0.0781	-4.4
0.00491	0.0781	-4.4
0.004915	0.0781	1.601
0.004920000000000001	0.0781	1.601
0.0049250000000000006	0.0781	4.0
0.00493	0.0781	4.0
0.004935	0.0781	4.797
0.004940000000000001	0.0781	4.797
0.004945000000000001	0.0781	4.4
0.00495	0.0781	4.4
0.004955	0.0781	4.797
0.00496	0.0781	4.4
0.004965000000000001	0.0781	4.797
0.0049700000000000005	0.0781	4.4
0.004975	0.0781	4.797
0.00498	0.0781	4.4
0.004985000000000001	0.0781	4.797
0.0049900000000000005	0.0781	4.797
0.004995	0.0781	4.4
0.005	0.0781	4.4
0.005005000000000001	0.0781	4.797
0.0050100000000000006	0.0781	4.797
0.005015	0.0781	4.4
0.00502	0.0781	4.4
0.005025000000000001	0.0781	4.797
0.005030000000000001	0.0781	4.4
0.005035	0.0781	4.797
0.00504	0.0781	4.4
0.005045	0.0781	4.797
0.005050000000000001	0.0781	4.4
0.0050550000000000005	0.0781	4.797
0.00506	0.0781	4.797
0.005065	0.0781	4.4
0.005070000000000001	0.0781	4.797
0.0050750000000000005	0.0781	4.4
0.00508	0.0781	4.797
0.005085	0.0781	4.4
0.005090000000000001	0.0781	4.4
0.005095000000000001	0.0781	4.797
0.0051	0.0781	4.4
0.005105	0.0781	4.797
0.005110000000000001	0.0781	4.4
0.005115000000000001	0.0781	4.797
0.00512	0.0781	4.797
0.005125	0.0781	4.4
0.00513	0.0781	4.797
0.005135000000000001	0.0781	4.4
0.0051400000000000005	0.0781	4.797
0.005145	0.0781	4.4
0.00515	0.0781	4.4
0.005155000000000001	0.0781	4.797
0.0051600000000000005	0.0781	4.4
0.005165	0.0781	4.797
0.00517	0.0781	4.797
0.005175000000000001	0.0781	4.4
0.005180000000000001	0.0781	4.797
0.005185	0.0781	4.4
0.00519	0.0781	4.4
0.005195000000000001	0.0781	4.797
0.005200000000000001	0.0781	4.797
0.005205	0.0781	4.4
0.00521	0.0781	4.4
0.005215	0.0781	4.797
0.005220000000000001	0.0781	4.4
0.0052250000000000005	0.0781	4.797
0.00523	0.0781	4.4
0.005235	0.0781	5.2
0.005240000000000001	0.0781	4.797
0.0052450000000000005	0.0781	4.4
0.00525	0.0781	4.797
0.005255	0.0781	4.4
0.005260000000000001	0.0781	4.4
0.005265000000000001	0.0781	5.2
0.00527	0.0781	4.4
0.005275	0.0781	4.797
0.005280000000000001	0.0781	4.797
0.005285000000000001	0.0781	4.4
0.00529	0.0781	4.4
0.005295	0.0781	4.797
0.0053	0.0781	4.4
0.005305000000000001	0.0781	5.2
0.0053100000000000005	0.0781	4.4
0.005315	0.0781	5.2
0.00532	0.0781	4.797
0.005325000000000001	0.0781	4.4
0.0053300000000000005	0.0781	4.797
0.005335	0.0781	4.4
0.00534	0.0781	4.4
0.005345000000000001	0.0781	4.797
0.005350000000000001	0.0781	4.4
0.005355	0.0781	4.797
0.00536	0.0781	4.4
0.005365000000000001	0.0781	5.2
0.005370000000000001	0.0781	4.4
0.0053750000000000004	0.0781	5.2
0.00538	0.0781	4.4
0.005385	0.0781	5.2
0.005390000000000001	0.0781	4.4
0.0053950000000000005	0.0781	5.2
0.0054	0.0781	5.2
0.005405	0.0781	4.4
0.005410000000000001	0.0781	5.2
0.0054150000000000005	0.0781	4.4
0.00542	0.0781	4.4
0.005425	0.0781	5.2
0.005430000000000001	0.0781	4.4
0.005435000000000001	0.0781	5.2
0.00544	0.0781	5.2
0.005445	0.0781	4.4
0.005450000000000001	0.0781	4.4
0.005455000000000001	0.0781	5.2
0.0054600000000000004	0.0781	4.4
0.005465	0.0781	5.2
0.00547	0.0781	4.4
0.005475000000000001	0.0781	5.2
0.0054800000000000005	0.0781	5.2
0.005485	0.0781	4.4
0.00549	0.0781	4.4
0.005495000000000001	0.0781	5.2
0.0055000000000000005	0.0781	5.2
0.005505	0.0781	4.4
0.00551	0.0781	5.2
0.005515000000000001	0.0781	4.4
0.005520000000000001	0.0781	5.2
0.005525	0.0781	4.4
0.00553	0.0781	5.2
0.005535000000000001	0.0781	4.4
0.005540000000000001	0.0781	5.2
0.0055450000000000004	0.0781	4.4
0.00555	0.0781	4.4
0.005555	0.0781	5.2
0.005560000000000001	0.0781	5.2
0.0055650000000000005	0.0781	4.4
0.00557	0.0781	5.2
0.005575	0.0781	4.4
0.005580000000000001	0.0781	5.2
0.0055850000000000006	0.0781	4.4
0.00559	0.0781	5.2
0.005595	0.0781	4.4
0.005600000000000001	0.0781	5.2
0.005605000000000001	0.0781	4.4
0.00561	0.0781	5.2
0.005615	0.0781	4.4
0.005620000000000001	0.0781	5.2
0.005625000000000001	0.0781	4.4
0.0056300000000000005	0.0781	5.2
0.005635	0.0781	4.4
0.00564	0.0781	4.4
0.005645000000000001	0.0781	5.2
0.0056500000000000005	0.0781	5.2
0.005655	0.0781	4.4
0.00566	0.0781	5.2
0.005665000000000001	0.0781	4.4
0.0056700000000000006	0.0781	4.4
0.005675	0.0781	5.2
0.00568	0.0781	5.2
0.005685000000000001	0.0781	4.797
0.005690000000000001	0.0781	5.2
0.005695	0.0781	4.4
0.0057	0.0781	5.2
0.005705000000000001	0.0781	4.4
0.005710000000000001	0.0781	5.2
0.0057150000000000005	0.0781	4.4
0.00572	0.0781	5.2
0.005725	0.0781	4.4
0.005730000000000001	0.0781	5.2
0.0057350000000000005	0.0781	4.4
0.00574	0.0781	5.2
0.005745	0.0781	4.797
0.005750000000000001	0.0781	5.2
0.005755000000000001	0.0781	4.4
0.00576	0.0781	4.797
0.005765	0.0781	5.2
0.005770000000000001	0.0781	5.2
0.005775000000000001	0.0781	4.797
0.00578	0.0781	5.2
0.005785	0.0781	4.797
0.005790000000000001	0.0781	5.2
0.005795000000000001	0.0781	4.4
0.0058000000000000005	0.0781	5.2
0.005805	0.0781	4.4
0.00581	0.0781	4.4
0.005815000000000001	0.0781	5.2
0.0058200000000000005	0.0781	5.2
0.005825	0.0781	4.4
0.00583	0.0781	5.2
0.005835000000000001	0.0781	4.797
0.005840000000000001	0.0781	5.2
0.005845	0.0781	4.797
0.00585	0.0781	5.2
0.005855000000000001	0.0781	4.797
0.005860000000000001	0.0781	5.2
0.005865	0.0781	4.797
0.00587	0.0781	5.2
0.005875000000000001	0.0781	4.797
0.005880000000000001	0.0781	5.2
0.0058850000000000005	0.0781	4.4
0.00589	0.0781	5.2
0.005895	0.0781	4.797
0.005900000000000001	0.0781	5.2
0.0059050000000000005	0.0781	4.797
0.00591	0.0781	5.2
0.005915	0.0781	4.797
0.005920000000000001	0.0781	4.797
0.005925000000000001	0.0781	5.2
0.00593	0.0781	5.2
0.005935	0.0781	4.797
0.005940000000000001	0.0781	4.797
0.005945000000000001	0.0781	5.2
0.00595	0.0781	5.2
0.005955	0.0781	4.797
0.005960000000000001	0.0781	4.797
0.005965000000000001	0.0781	5.2
0.0059700000000000005	0.0781	4.797
0.005975	0.0781	5.2
0.00598	0.0781	5.2
0.005985000000000001	0.0781	4.797
0.0059900000000000005	0.0781	5.2
0.005995	0.0781	4.797
