seconds_pre_waveform_query	1728586898.538301
seconds_post_waveform_query	1728586898.586729
xzero1	0
xmultiplier1	9.9e+37
yzero1	-4.25201762205e+47
ymultiplier1	9.9e+37
transfer_duty_cycle	0.9157023005035592
xzero2	0
xmultiplier2	1e-05
yzero2	0.32
ymultiplier2	0.08
xzero3	0
xmultiplier3	1e-05
yzero3	-0.0
ymultiplier3	0.04
xzero4	0
xmultiplier4	1e-05
yzero4	1.2000000000000002
ymultiplier4	0.2
DataboxPlot_Note	'Note'
self.combo_binary	0
self.combo_autoscript	1
self.button_enabled	True
self.button_multi	True
self.button_link_x	True
self.button_script	False
self.number_file	0
self.script	"x = ( d[0] )\ny = ( d[1], d[2], d[3], d[4] )\n\nxlabels = 'x'\nylabels = ( 'y1', 'y2', 'y3', 'y4' )\n"
self.number_history	0
self.text_log_note	'Note'

x	y1	y2	y3	y4
0.0	_	-3.762	-1.08	-5.0
1e-05	_	-3.84	-1.04	-5.2
2e-05	_	-3.762	-1.04	-5.0
3.0000000000000004e-05	_	-3.84	-1.08	-5.2
4e-05	_	-3.762	-1.04	-5.0
5e-05	_	-3.84	-1.08	-5.2
6.000000000000001e-05	_	-3.762	-1.04	-5.0
7.000000000000001e-05	_	-3.84	-1.08	-5.2
8e-05	_	-3.762	-1.04	-5.2
9e-05	_	-3.84	-1.08	-5.0
0.0001	_	-3.762	-1.08	-5.2
0.00011	_	-3.84	-1.0	-5.0
0.00012000000000000002	_	-3.762	-1.08	-5.2
0.00013000000000000002	_	-3.84	-0.96	-5.0
0.00014000000000000001	_	-3.762	-1.08	-5.0
0.00015000000000000001	_	-3.84	-0.96	-5.2
0.00016	_	-3.84	-1.08	-5.2
0.00017	_	-3.6	-0.96	-5.0
0.00018	_	-3.762	-0.96	-5.2
0.00019	_	-3.6	-1.08	-5.0
0.0002	_	-3.68	-0.96	-5.2
0.00021	_	-3.6	-1.08	-5.0
0.00022	_	-3.68	-0.96	-5.2
0.00023	_	-3.6	-1.08	-5.0
0.00024000000000000003	_	-3.6	-1.0	-5.0
0.00025	_	-3.68	-0.96	-5.2
0.00026000000000000003	_	-3.6	-1.0	-5.0
0.00027	_	-3.68	-0.96	-5.2
0.00028000000000000003	_	-3.6	-1.0	-5.0
0.00029	_	-3.68	-0.96	-5.2
0.00030000000000000003	_	-3.68	-1.0	-5.2
0.00031	_	-3.6	-0.96	-5.0
0.00032	_	-3.6	-0.96	-5.0
0.00033000000000000005	_	-3.68	-1.0	-5.2
0.00034	_	-3.6	-1.0	-5.0
0.00035000000000000005	_	-3.68	-0.96	-5.2
0.00036	_	-3.68	-1.0	-5.0
0.00037000000000000005	_	-3.6	-0.96	-5.2
0.00038	_	-3.68	-1.0	-5.2
0.00039000000000000005	_	-3.52	-0.96	-5.0
0.0004	_	-3.52	-1.0	-5.0
0.00041000000000000005	_	-3.68	-0.96	-5.2
0.00042	_	-3.52	-1.0	-5.0
0.00043000000000000004	_	-3.6	-0.96	-5.2
0.00044	_	-3.52	-1.0	-5.2
0.00045000000000000004	_	-3.6	-0.96	-5.0
0.00046	_	-3.52	-1.0	-5.2
0.00047000000000000004	_	-3.6	-0.96	-5.0
0.00048000000000000007	_	-3.52	-1.0	-5.2
0.0004900000000000001	_	-3.6	-0.96	-5.0
0.0005	_	-3.52	-1.0	-5.0
0.00051	_	-3.6	-0.9204	-5.2
0.0005200000000000001	_	-3.52	-1.0	-5.2
0.0005300000000000001	_	-3.6	-0.9204	-5.0
0.00054	_	-3.52	-1.0	-5.0
0.00055	_	-3.6	-0.9204	-5.2
0.0005600000000000001	_	-3.52	-1.0	-5.2
0.0005700000000000001	_	-3.6	-0.9204	-5.0
0.00058	_	-3.6	-0.96	-5.2
0.00059	_	-3.361	-0.9204	-5.0
0.0006000000000000001	_	-3.361	-0.9204	-5.0
0.0006100000000000001	_	-3.6	-0.96	-5.2
0.00062	_	-3.441	-0.96	-5.0
0.00063	_	-3.361	-0.9204	-5.2
0.00064	_	-3.361	-0.9204	-5.2
0.0006500000000000001	_	-3.441	-0.96	-5.0
0.0006600000000000001	_	-3.441	-0.9204	-5.0
0.00067	_	-3.361	-0.96	-5.2
0.00068	_	-3.361	-0.96	-5.0
0.0006900000000000001	_	-3.441	-0.9204	-5.2
0.0007000000000000001	_	-3.441	-0.9204	-5.0
0.00071	_	-3.361	-0.96	-5.2
0.00072	_	-3.361	-0.9204	-5.0
0.0007300000000000001	_	-3.441	-0.96	-5.2
0.0007400000000000001	_	-3.441	-0.96	-5.2
0.00075	_	-3.361	-0.9204	-5.0
0.00076	_	-3.361	-0.9204	-5.2
0.0007700000000000001	_	-3.441	-0.96	-5.0
0.0007800000000000001	_	-3.361	-0.9204	-5.2
0.00079	_	-3.441	-0.96	-5.0
0.0008	_	-3.441	-0.9204	-5.0
0.0008100000000000001	_	-3.281	-0.96	-5.2
0.0008200000000000001	_	-3.441	-0.96	-5.2
0.0008300000000000001	_	-3.281	-0.8403	-5.0
0.00084	_	-3.281	-0.96	-5.2
0.0008500000000000001	_	-3.361	-0.8403	-5.0
0.0008600000000000001	_	-3.281	-0.96	-5.0
0.0008700000000000001	_	-3.361	-0.8403	-5.2
0.00088	_	-3.281	-0.8403	-5.2
0.0008900000000000001	_	-3.361	-0.96	-5.0
0.0009000000000000001	_	-3.281	-0.8403	-5.0
0.0009100000000000001	_	-3.361	-0.96	-5.2
0.00092	_	-3.281	-0.8403	-5.0
0.00093	_	-3.361	-0.96	-5.2
0.0009400000000000001	_	-3.281	-0.9204	-5.0
0.0009500000000000001	_	-3.361	-0.8403	-5.2
0.0009600000000000001	_	-3.281	-0.8804	-5.0
0.00097	_	-3.361	-0.8403	-5.2
0.0009800000000000002	_	-3.281	-0.8804	-5.0
0.00099	_	-3.361	-0.8403	-5.2
0.001	_	-3.281	-0.8804	-5.0
0.00101	_	-3.361	-0.8403	-5.2
0.00102	_	-3.121	-0.8804	-5.0
0.00103	_	-3.361	-0.8403	-5.2
0.0010400000000000001	_	-3.121	-0.8804	-5.2
0.0010500000000000002	_	-3.201	-0.8403	-5.0
0.0010600000000000002	_	-3.121	-0.8403	-5.2
0.00107	_	-3.201	-0.8804	-5.0
0.00108	_	-3.121	-0.8403	-5.0
0.00109	_	-3.201	-0.8804	-5.2
0.0011	_	-3.201	-0.8804	-5.0
0.00111	_	-3.121	-0.8403	-5.2
0.0011200000000000001	_	-3.201	-0.8804	-5.2
0.0011300000000000001	_	-3.121	-0.8403	-5.0
0.0011400000000000002	_	-3.201	-0.8804	-5.0
0.0011500000000000002	_	-3.121	-0.8403	-5.2
0.00116	_	-3.201	-0.8804	-5.0
0.00117	_	-3.121	-0.8403	-5.2
0.00118	_	-3.121	-0.8804	-5.0
0.00119	_	-3.201	-0.8403	-5.2
0.0012000000000000001	_	-3.201	-0.8804	-5.0
0.0012100000000000001	_	-3.121	-0.8003	-5.2
0.0012200000000000002	_	-3.121	-0.8804	-5.0
0.0012300000000000002	_	-3.201	-0.8003	-5.2
0.00124	_	-3.201	-0.8804	-5.0
0.00125	_	-3.041	-0.8003	-5.2
0.00126	_	-3.041	-0.8804	-5.2
0.00127	_	-3.121	-0.8003	-5.0
0.00128	_	-3.041	-0.8003	-5.0
0.0012900000000000001	_	-3.121	-0.8804	-5.2
0.0013000000000000002	_	-3.121	-0.8003	-5.2
0.0013100000000000002	_	-3.041	-0.8403	-5.0
0.0013200000000000002	_	-3.041	-0.8003	-5.0
0.00133	_	-3.121	-0.8403	-5.2
0.00134	_	-3.041	-0.8403	-5.0
0.00135	_	-3.121	-0.8003	-5.2
0.00136	_	-3.041	-0.8003	-5.2
0.0013700000000000001	_	-3.121	-0.8403	-5.0
0.0013800000000000002	_	-3.041	-0.8003	-5.0
0.0013900000000000002	_	-3.121	-0.8403	-5.2
0.0014000000000000002	_	-3.121	-0.8003	-5.2
0.00141	_	-3.041	-0.8403	-5.0
0.00142	_	-3.041	-0.8003	-5.2
0.00143	_	-3.121	-0.8403	-5.0
0.00144	_	-3.041	-0.8403	-5.2
0.0014500000000000001	_	-3.121	-0.8003	-5.0
0.0014600000000000001	_	-3.041	-0.8403	-5.0
0.0014700000000000002	_	-2.88	-0.8003	-5.2
0.0014800000000000002	_	-2.88	-0.8003	-5.2
0.0014900000000000002	_	-2.96	-0.8403	-5.0
0.0015	_	-2.96	-0.8403	-5.2
0.00151	_	-2.88	-0.8003	-5.0
0.00152	_	-2.96	-0.8403	-5.2
0.0015300000000000001	_	-2.88	-0.8003	-5.0
0.0015400000000000001	_	-2.88	-0.8003	-5.0
0.0015500000000000002	_	-2.96	-0.8403	-5.2
0.0015600000000000002	_	-2.96	-0.8403	-5.2
0.0015700000000000002	_	-2.88	-0.7603	-5.0
0.00158	_	-2.96	-0.8403	-5.2
0.00159	_	-2.88	-0.72	-5.0
0.0016	_	-2.96	-0.8403	-5.0
0.00161	_	-2.88	-0.72	-5.2
0.0016200000000000001	_	-2.88	-0.8403	-5.2
0.0016300000000000002	_	-2.96	-0.72	-5.0
0.0016400000000000002	_	-2.96	-0.72	-5.0
0.0016500000000000002	_	-2.88	-0.8403	-5.2
0.0016600000000000002	_	-2.96	-0.72	-5.2
0.00167	_	-2.8	-0.8403	-5.0
0.00168	_	-2.8	-0.7603	-5.0
0.00169	_	-2.88	-0.72	-5.2
0.0017000000000000001	_	-2.8	-0.7603	-5.0
0.0017100000000000001	_	-2.88	-0.72	-5.2
0.0017200000000000002	_	-2.8	-0.72	-5.0
0.0017300000000000002	_	-2.88	-0.7603	-5.2
0.0017400000000000002	_	-2.8	-0.7603	-5.2
0.00175	_	-2.88	-0.72	-5.0
0.00176	_	-2.8	-0.7603	-5.0
0.00177	_	-2.88	-0.72	-5.2
0.0017800000000000001	_	-2.8	-0.7603	-5.0
0.0017900000000000001	_	-2.88	-0.72	-5.2
0.0018000000000000002	_	-2.8	-0.7603	-5.0
0.0018100000000000002	_	-2.88	-0.72	-5.2
0.0018200000000000002	_	-2.8	-0.72	-5.2
0.0018300000000000002	_	-2.88	-0.7603	-5.0
0.00184	_	-2.8	-0.7603	-5.0
0.00185	_	-2.88	-0.72	-5.2
0.00186	_	-2.88	-0.72	-5.2
0.0018700000000000001	_	-2.64	-0.7603	-5.0
0.0018800000000000002	_	-2.88	-0.7603	-5.0
0.0018900000000000002	_	-2.64	-0.68	-5.2
0.0019000000000000002	_	-2.8	-0.7603	-5.2
0.0019100000000000002	_	-2.64	-0.68	-5.0
0.0019200000000000003	_	-2.72	-0.7603	-5.2
0.00193	_	-2.64	-0.68	-5.0
0.00194	_	-2.64	-0.7603	-5.2
0.0019500000000000001	_	-2.72	-0.68	-5.0
0.0019600000000000004	_	-2.64	-0.7603	-5.0
0.00197	_	-2.72	-0.68	-5.2
0.00198	_	-2.72	-0.7603	-5.0
0.00199	_	-2.64	-0.68	-5.2
0.002	_	-2.72	-0.68	-5.2
0.00201	_	-2.64	-0.7603	-5.0
0.00202	_	-2.64	-0.68	-5.0
0.00203	_	-2.72	-0.7603	-5.2
0.00204	_	-2.72	-0.72	-5.0
0.00205	_	-2.64	-0.68	-5.2
0.00206	_	-2.64	-0.68	-5.2
0.0020700000000000002	_	-2.72	-0.72	-5.0
0.0020800000000000003	_	-2.72	-0.68	-5.0
0.0020900000000000003	_	-2.56	-0.72	-5.2
0.0021000000000000003	_	-2.72	-0.68	-5.0
0.0021100000000000003	_	-2.56	-0.72	-5.2
0.0021200000000000004	_	-2.56	-0.72	-5.0
0.0021300000000000004	_	-2.64	-0.68	-5.2
0.00214	_	-2.56	-0.68	-5.2
0.00215	_	-2.64	-0.72	-5.0
0.00216	_	-2.56	-0.68	-5.0
0.00217	_	-2.64	-0.72	-5.2
0.00218	_	-2.56	-0.68	-5.0
0.00219	_	-2.64	-0.72	-5.2
0.0022	_	-2.56	-0.68	-5.0
0.00221	_	-2.64	-0.72	-5.2
0.00222	_	-2.56	-0.72	-5.0
0.00223	_	-2.64	-0.68	-5.2
0.0022400000000000002	_	-2.56	-0.72	-5.0
0.0022500000000000003	_	-2.64	-0.68	-5.2
0.0022600000000000003	_	-2.56	-0.68	-5.2
0.0022700000000000003	_	-2.64	-0.72	-5.0
0.0022800000000000003	_	-2.56	-0.72	-5.2
0.0022900000000000004	_	-2.64	-0.68	-5.0
0.0023000000000000004	_	-2.64	-0.68	-5.0
0.00231	_	-2.4	-0.72	-5.2
0.00232	_	-2.48	-0.72	-5.0
0.00233	_	-2.4	-0.6	-5.2
0.00234	_	-2.4	-0.72	-5.2
0.00235	_	-2.48	-0.6	-5.0
0.00236	_	-2.48	-0.72	-5.2
0.00237	_	-2.4	-0.6	-5.0
0.00238	_	-2.48	-0.72	-5.0
0.00239	_	-2.4	-0.6	-5.2
0.0024000000000000002	_	-2.48	-0.6	-5.2
0.0024100000000000002	_	-2.4	-0.72	-5.0
0.0024200000000000003	_	-2.4	-0.6	-5.2
0.0024300000000000003	_	-2.48	-0.68	-5.0
0.0024400000000000003	_	-2.4	-0.64	-5.0
0.0024500000000000004	_	-2.48	-0.6	-5.2
0.0024600000000000004	_	-2.48	-0.64	-5.2
0.0024700000000000004	_	-2.4	-0.6	-5.0
0.00248	_	-2.4	-0.6	-5.0
0.00249	_	-2.48	-0.64	-5.2
0.0025	_	-2.4	-0.64	-5.2
0.00251	_	-2.48	-0.6	-5.0
0.00252	_	-2.48	-0.64	-5.2
0.00253	_	-2.32	-0.6	-5.0
0.00254	_	-2.32	-0.64	-5.0
0.00255	_	-2.4	-0.6	-5.2
0.00256	_	-2.32	-0.64	-5.0
0.0025700000000000002	_	-2.4	-0.6	-5.2
0.0025800000000000003	_	-2.32	-0.6	-5.0
0.0025900000000000003	_	-2.4	-0.64	-5.2
0.0026000000000000003	_	-2.32	-0.64	-5.0
0.0026100000000000003	_	-2.4	-0.6	-5.2
0.0026200000000000004	_	-2.32	-0.64	-5.2
0.0026300000000000004	_	-2.4	-0.6	-5.0
0.0026400000000000004	_	-2.32	-0.6	-5.0
0.00265	_	-2.4	-0.64	-5.2
0.00266	_	-2.32	-0.64	-5.2
0.00267	_	-2.4	-0.6	-5.0
0.00268	_	-2.32	-0.64	-5.0
0.00269	_	-2.4	-0.56	-5.2
0.0027	_	-2.32	-0.64	-5.0
0.00271	_	-2.4	-0.56	-5.2
0.00272	_	-2.4	-0.56	-5.2
0.0027300000000000002	_	-2.16	-0.64	-5.0
0.0027400000000000002	_	-2.16	-0.56	-5.2
0.0027500000000000003	_	-2.4	-0.64	-5.0
0.0027600000000000003	_	-2.24	-0.64	-5.0
0.0027700000000000003	_	-2.16	-0.56	-5.2
0.0027800000000000004	_	-2.16	-0.56	-5.0
0.0027900000000000004	_	-2.24	-0.64	-5.2
0.0028000000000000004	_	-2.16	-0.6	-5.0
0.0028100000000000004	_	-2.24	-0.56	-5.2
0.00282	_	-2.24	-0.56	-5.0
0.00283	_	-2.16	-0.6	-5.2
0.00284	_	-2.16	-0.6	-5.0
0.00285	_	-2.24	-0.56	-5.2
0.00286	_	-2.24	-0.56	-5.0
0.00287	_	-2.16	-0.6	-5.2
0.00288	_	-2.24	-0.56	-5.0
0.00289	_	-2.16	-0.6	-5.2
0.0029000000000000002	_	-2.24	-0.56	-5.2
0.0029100000000000003	_	-2.16	-0.6	-5.0
0.0029200000000000003	_	-2.24	-0.56	-5.2
0.0029300000000000003	_	-2.08	-0.6	-5.0
0.0029400000000000003	_	-2.24	-0.6	-5.0
0.0029500000000000004	_	-2.08	-0.56	-5.2
0.0029600000000000004	_	-2.08	-0.56	-5.2
0.0029700000000000004	_	-2.16	-0.6	-5.0
0.0029800000000000004	_	-2.08	-0.56	-5.2
0.00299	_	-2.16	-0.6	-5.0
0.003	_	-2.08	-0.56	-5.2
0.00301	_	-2.16	-0.6	-5.0
0.00302	_	-2.08	-0.6	-5.2
0.00303	_	-2.16	-0.56	-5.0
0.00304	_	-2.08	-0.56	-5.2
0.00305	_	-2.16	-0.6	-5.0
0.0030600000000000002	_	-2.08	-0.6	-5.0
0.0030700000000000002	_	-2.16	-0.52	-5.2
0.0030800000000000003	_	-2.08	-0.48	-5.0
0.0030900000000000003	_	-2.16	-0.6	-5.2
0.0031000000000000003	_	-2.08	-0.6	-5.0
0.0031100000000000004	_	-2.16	-0.48	-5.2
0.0031200000000000004	_	-2.08	-0.6	-5.2
0.0031300000000000004	_	-2.16	-0.48	-5.0
0.0031400000000000004	_	-2.16	-0.48	-5.2
0.0031500000000000005	_	-1.92	-0.6	-5.0
0.00316	_	-2.16	-0.56	-5.0
0.00317	_	-1.92	-0.48	-5.2
0.00318	_	-2.0	-0.52	-5.0
0.00319	_	-1.92	-0.48	-5.2
0.0032	_	-1.92	-0.48	-5.2
0.00321	_	-2.0	-0.52	-5.0
0.00322	_	-2.0	-0.48	-5.2
0.0032300000000000002	_	-1.92	-0.52	-5.0
0.0032400000000000003	_	-2.0	-0.52	-5.2
0.0032500000000000003	_	-1.92	-0.48	-5.0
0.0032600000000000003	_	-1.92	-0.52	-5.0
0.0032700000000000003	_	-2.0	-0.48	-5.2
0.0032800000000000004	_	-2.0	-0.52	-5.0
0.0032900000000000004	_	-1.92	-0.48	-5.2
0.0033000000000000004	_	-1.92	-0.52	-5.2
0.0033100000000000004	_	-2.0	-0.48	-5.0
0.0033200000000000005	_	-1.92	-0.48	-5.2
0.00333	_	-2.0	-0.52	-5.0
0.00334	_	-2.0	-0.52	-5.0
0.00335	_	-1.92	-0.48	-5.2
0.00336	_	-1.84	-0.52	-5.0
0.00337	_	-2.0	-0.48	-5.2
0.00338	_	-1.84	-0.52	-5.2
0.0033900000000000002	_	-2.0	-0.48	-5.0
0.0034000000000000002	_	-1.92	-0.52	-5.0
0.0034100000000000003	_	-1.84	-0.48	-5.2
0.0034200000000000003	_	-1.84	-0.52	-5.2
0.0034300000000000003	_	-1.92	-0.48	-5.0
0.0034400000000000003	_	-1.84	-0.52	-5.0
0.0034500000000000004	_	-1.92	-0.4402	-5.2
0.0034600000000000004	_	-1.84	-0.52	-5.0
0.0034700000000000004	_	-1.92	-0.4402	-5.2
0.0034800000000000005	_	-1.84	-0.52	-5.2
0.0034900000000000005	_	-1.92	-0.4402	-5.0
0.0035	_	-1.84	-0.4402	-5.2
0.00351	_	-1.92	-0.52	-5.0
0.00352	_	-1.84	-0.4402	-5.0
0.00353	_	-1.92	-0.52	-5.2
0.00354	_	-1.84	-0.4402	-5.0
0.00355	_	-1.92	-0.52	-5.2
0.0035600000000000002	_	-1.92	-0.4402	-5.0
0.0035700000000000003	_	-1.68	-0.52	-5.2
0.0035800000000000003	_	-1.92	-0.4402	-5.0
0.0035900000000000003	_	-1.68	-0.52	-5.2
0.0036000000000000003	_	-1.84	-0.4402	-5.0
0.0036100000000000004	_	-1.68	-0.48	-5.2
0.0036200000000000004	_	-1.76	-0.4402	-5.2
0.0036300000000000004	_	-1.68	-0.48	-5.0
0.0036400000000000004	_	-1.68	-0.4402	-5.0
0.0036500000000000005	_	-1.76	-0.48	-5.2
0.0036600000000000005	_	-1.68	-0.48	-5.2
0.00367	_	-1.76	-0.4402	-5.0
0.00368	_	-1.68	-0.4402	-5.0
0.00369	_	-1.76	-0.48	-5.2
0.0037	_	-1.76	-0.48	-5.2
0.00371	_	-1.68	-0.4402	-5.0
0.00372	_	-1.76	-0.4402	-5.0
0.0037300000000000002	_	-1.68	-0.48	-5.2
0.0037400000000000003	_	-1.68	-0.4402	-5.2
0.0037500000000000003	_	-1.76	-0.48	-5.0
0.0037600000000000003	_	-1.76	-0.4402	-5.0
0.0037700000000000003	_	-1.6	-0.48	-5.2
0.0037800000000000004	_	-1.76	-0.48	-5.0
0.0037900000000000004	_	-1.6	-0.36	-5.2
0.0038000000000000004	_	-1.6	-0.48	-5.2
0.0038100000000000005	_	-1.76	-0.36	-5.0
0.0038200000000000005	_	-1.6	-0.48	-5.2
0.0038300000000000005	_	-1.68	-0.36	-5.0
0.0038400000000000005	_	-1.6	-0.48	-5.0
0.00385	_	-1.68	-0.36	-5.2
0.00386	_	-1.6	-0.48	-5.0
0.00387	_	-1.68	-0.36	-5.2
0.00388	_	-1.6	-0.4001	-5.0
0.0038900000000000002	_	-1.68	-0.36	-5.2
0.0039000000000000003	_	-1.6	-0.4001	-5.0
0.00391	_	-1.68	-0.36	-5.2
0.003920000000000001	_	-1.6	-0.36	-5.0
0.00393	_	-1.68	-0.4001	-5.2
0.00394	_	-1.6	-0.36	-5.2
0.00395	_	-1.68	-0.4001	-5.0
0.00396	_	-1.68	-0.4001	-5.0
0.0039700000000000004	_	-1.5205	-0.36	-5.2
0.00398	_	-1.68	-0.36	-5.2
0.0039900000000000005	_	-1.6	-0.4001	-5.0
0.004	_	-1.68	-0.4001	-5.2
0.0040100000000000005	_	-1.44	-0.32	-5.0
0.00402	_	-1.44	-0.4001	-5.2
0.004030000000000001	_	-1.68	-0.32	-5.0
0.00404	_	-1.44	-0.32	-5.2
0.004050000000000001	_	-1.6	-0.36	-5.0
0.00406	_	-1.5205	-0.36	-5.0
0.004070000000000001	_	-1.44	-0.32	-5.2
0.00408	_	-1.44	-0.36	-5.2
0.004090000000000001	_	-1.5205	-0.24	-5.0
0.0041	_	-1.5205	-0.24	-5.0
0.00411	_	-1.44	-0.28	-5.2
0.00412	_	-1.5205	-0.28	-5.0
0.00413	_	-1.44	-0.2001	-5.2
0.0041400000000000005	_	-1.44	-0.24	-5.2
0.00415	_	-1.5205	-0.12	-5.0
0.0041600000000000005	_	-1.5205	-0.16	-5.0
0.00417	_	-1.44	-0.08	-5.2
0.0041800000000000006	_	-1.5205	-0.12	-5.0
0.00419	_	-1.36	0.0	-5.2
0.004200000000000001	_	-1.5205	-0.04	-5.0
0.00421	_	-1.36	0.04	-5.2
0.004220000000000001	_	-1.5205	0.0	-5.0
0.00423	_	-1.36	0.16	-5.2
0.004240000000000001	_	-1.36	0.12	-5.0
0.00425	_	-1.5205	0.24	-5.2
0.004260000000000001	_	-1.36	0.2001	-5.0
0.00427	_	-1.44	0.36	-5.2
0.00428	_	-1.44	0.32	-5.2
0.00429	_	-1.36	0.48	-5.0
0.0043	_	-1.36	0.4402	-5.0
0.0043100000000000005	_	-1.44	0.56	-5.2
0.00432	_	-1.36	0.56	-5.2
0.0043300000000000005	_	-1.44	0.72	-5.0
0.00434	_	-1.36	0.68	-5.0
0.004350000000000001	_	-1.44	0.8403	-5.2
0.00436	_	-1.36	0.8003	-5.2
0.004370000000000001	_	-1.44	0.96	-5.0
0.00438	_	-1.36	0.9204	-5.0
0.004390000000000001	_	-1.44	1.08	-5.2
0.0044	_	-1.28	1.04	-5.0
0.004410000000000001	_	-1.44	1.12	-5.2
0.00442	_	-1.36	1.08	-5.0
0.004430000000000001	_	-1.44	1.24	-5.2
0.00444	_	-1.44	1.2	-5.0
0.00445	_	-1.2	1.32	-5.2
0.00446	_	-1.28	1.28	-5.0
0.00447	_	-1.2	1.32	-5.2
0.0044800000000000005	_	-1.28	1.32	-5.2
0.00449	_	-1.2	1.28	-5.0
0.0045000000000000005	_	-1.28	1.32	-5.0
0.00451	_	-1.2	1.28	-5.2
0.004520000000000001	_	-1.28	1.32	-5.0
0.00453	_	-1.2	1.2	-5.2
0.004540000000000001	_	-1.28	1.24	-5.0
0.00455	_	-1.2	1.16	-5.2
0.004560000000000001	_	-1.28	1.2	-5.2
0.00457	_	-1.2	1.08	-5.0
0.004580000000000001	_	-1.28	1.12	-5.0
0.00459	_	-1.2	0.96	-5.2
0.004600000000000001	_	-1.2	1.0	-5.0
0.00461	_	-1.28	0.8403	-5.2
0.00462	_	-1.28	0.8804	-5.0
0.0046300000000000004	_	-1.2	0.72	-5.2
0.00464	_	-1.2	0.7603	-5.0
0.0046500000000000005	_	-1.28	0.56	-5.2
0.00466	_	-1.28	0.64	-5.2
0.0046700000000000005	_	-1.12	0.4402	-5.0
0.00468	_	-1.28	0.48	-5.0
0.004690000000000001	_	-1.12	0.32	-5.2
0.0047	_	-1.12	0.36	-5.0
0.004710000000000001	_	-1.2	0.2001	-5.2
0.00472	_	-1.12	0.24	-5.2
0.004730000000000001	_	-1.2	0.12	-5.0
0.00474	_	-1.12	0.16	-5.0
0.004750000000000001	_	-1.2	0.08	-5.2
0.00476	_	-1.12	0.08	-5.0
0.004770000000000001	_	-1.2	0.12	-5.2
0.00478	_	-1.12	0.08	-5.2
0.00479	_	-1.2	0.12	-5.0
0.0048000000000000004	_	-1.12	0.08	-5.0
0.00481	_	-1.2	0.16	-5.2
0.0048200000000000005	_	-1.2	0.12	-5.2
0.00483	_	-0.96	0.28	-5.0
0.0048400000000000006	_	-1.2	0.24	-5.0
0.00485	_	-1.04	0.4001	-5.2
0.004860000000000001	_	-1.2	0.36	-5.2
0.00487	_	-0.96	0.6	-5.0
0.004880000000000001	_	-0.96	0.56	-5.0
0.00489	_	-1.12	0.8003	-5.2
0.004900000000000001	_	-1.04	0.8003	-5.2
0.00491	_	-0.96	1.08	-5.0
0.004920000000000001	_	-1.04	1.04	-5.2
0.00493	_	-0.96	1.32	-5.0
0.004940000000000001	_	-0.96	1.36	-5.0
0.00495	_	-1.04	1.601	-5.2
0.00496	_	-1.04	1.601	-5.0
0.0049700000000000005	_	-0.96	1.841	-5.2
0.00498	_	-0.96	1.841	-5.0
0.0049900000000000005	_	-1.04	2.08	-5.2
0.005	_	-1.04	2.041	-5.0
0.0050100000000000006	_	-0.96	2.281	-5.2
0.00502	_	-1.04	2.24	-5.0
0.005030000000000001	_	-0.96	2.4	-5.2
0.00504	_	-1.04	2.361	-5.0
0.005050000000000001	_	-0.88	2.441	-5.2
0.00506	_	-1.04	2.4	-5.0
0.005070000000000001	_	-0.88	2.521	-5.2
0.00508	_	-1.04	2.48	-5.2
0.005090000000000001	_	-0.88	2.521	-5.0
0.0051	_	-0.96	2.521	-5.0
0.005110000000000001	_	-0.88	2.4	-5.2
0.00512	_	-0.88	2.521	-5.0
0.00513	_	-0.96	2.361	-5.2
0.0051400000000000005	_	-0.96	2.441	-5.0
0.00515	_	-0.88	2.281	-5.2
0.0051600000000000005	_	-0.88	2.32	-5.0
0.00517	_	-0.96	2.121	-5.2
0.005180000000000001	_	-0.88	2.201	-5.0
0.00519	_	-0.96	2.0	-5.2
0.005200000000000001	_	-0.88	2.041	-5.0
0.00521	_	-0.96	1.761	-5.2
0.005220000000000001	_	-0.88	1.801	-5.0
0.00523	_	-0.96	1.5205	-5.2
0.005240000000000001	_	-0.96	1.561	-5.2
0.00525	_	-0.7197	1.28	-5.0
0.005260000000000001	_	-0.96	1.32	-5.0
0.00527	_	-0.8	0.96	-5.2
0.005280000000000001	_	-0.7197	1.0	-5.0
0.00529	_	-0.96	0.72	-5.2
0.0053	_	-0.96	0.7603	-5.2
0.0053100000000000005	_	-0.7197	0.48	-5.0
0.00532	_	-0.8	0.52	-5.0
0.0053300000000000005	_	-0.7197	0.32	-5.2
0.00534	_	-0.7197	0.36	-5.0
0.005350000000000001	_	-0.8	0.2001	-5.2
0.00536	_	-0.7197	0.16	-5.2
0.005370000000000001	_	-0.8	0.08	-5.0
0.00538	_	-0.8	0.12	-5.2
0.005390000000000001	_	-0.7197	-0.04	-5.0
0.0054	_	-0.8	0.0	-5.0
0.005410000000000001	_	-0.7197	-0.12	-5.2
0.00542	_	-0.7197	-0.08	-5.2
0.005430000000000001	_	-0.8	-0.16	-5.0
0.00544	_	-0.7197	-0.08	-5.0
0.005450000000000001	_	-0.8	-0.16	-5.2
0.0054600000000000004	_	-0.8	-0.16	-5.0
0.00547	_	-0.7197	-0.12	-5.2
0.0054800000000000005	_	-0.8	-0.16	-5.0
0.00549	_	-0.6396	-0.12	-5.2
0.0055000000000000005	_	-0.8	-0.12	-5.2
0.00551	_	-0.6396	-0.16	-5.0
0.005520000000000001	_	-0.6396	-0.12	-5.2
0.00553	_	-0.8	-0.24	-5.0
0.005540000000000001	_	-0.7197	-0.12	-5.2
0.00555	_	-0.6396	-0.24	-5.0
0.005560000000000001	_	-0.7197	-0.24	-5.0
0.00557	_	-0.6396	-0.12	-5.2
0.005580000000000001	_	-0.6396	-0.12	-5.0
0.00559	_	-0.7197	-0.24	-5.2
0.005600000000000001	_	-0.6396	-0.2001	-5.0
0.00561	_	-0.7197	-0.12	-5.2
0.005620000000000001	_	-0.6396	-0.16	-5.2
0.0056300000000000005	_	-0.7197	-0.12	-5.0
0.00564	_	-0.6396	-0.12	-5.0
0.0056500000000000005	_	-0.7197	-0.16	-5.2
0.00566	_	-0.6396	-0.16	-5.2
0.0056700000000000006	_	-0.7197	-0.12	-5.0
0.00568	_	-0.6396	-0.16	-5.0
0.005690000000000001	_	-0.7197	-0.12	-5.2
0.0057	_	-0.7197	-0.16	-5.0
0.005710000000000001	_	-0.5605	-0.12	-5.2
0.00572	_	-0.7197	-0.16	-5.0
0.005730000000000001	_	-0.4802	-0.12	-5.2
0.00574	_	-0.4802	-0.16	-5.0
0.005750000000000001	_	-0.6396	-0.12	-5.2
0.00576	_	-0.4802	-0.12	-5.2
0.005770000000000001	_	-0.6396	-0.16	-5.0
0.00578	_	-0.4802	-0.16	-5.2
0.005790000000000001	_	-0.5605	-0.12	-5.0
0.0058000000000000005	_	-0.4802	-0.12	-5.2
0.00581	_	-0.5605	-0.16	-5.0
0.0058200000000000005	_	-0.5605	-0.12	-5.0
0.00583	_	-0.4802	-0.16	-5.2
0.005840000000000001	_	-0.5605	-0.12	-5.0
0.00585	_	-0.4802	-0.16	-5.2
0.005860000000000001	_	-0.5605	-0.16	-5.2
0.00587	_	-0.4802	-0.12	-5.0
0.005880000000000001	_	-0.5605	-0.16	-5.0
0.00589	_	-0.4802	-0.12	-5.2
0.005900000000000001	_	-0.5605	-0.16	-5.2
0.00591	_	-0.4001	-0.08	-5.0
0.005920000000000001	_	-0.5605	-0.16	-5.2
0.00593	_	-0.4001	-0.08	-5.0
0.005940000000000001	_	-0.4001	-0.16	-5.2
0.00595	_	-0.5605	-0.08	-5.0
0.005960000000000001	_	-0.4802	-0.16	-5.2
0.0059700000000000005	_	-0.4001	-0.08	-5.0
0.00598	_	-0.4001	-0.16	-5.0
0.0059900000000000005	_	-0.4802	-0.08	-5.2
0.006	_	-0.4001	-0.08	-5.0
0.006010000000000001	_	-0.4802	-0.16	-5.2
0.00602	_	-0.4802	-0.08	-5.0
0.006030000000000001	_	-0.4001	-0.16	-5.2
0.00604	_	-0.4001	-0.08	-5.0
0.006050000000000001	_	-0.4802	-0.16	-5.2
0.00606	_	-0.4001	-0.08	-5.0
0.006070000000000001	_	-0.4802	-0.12	-5.2
0.00608	_	-0.4001	-0.12	-5.0
0.006090000000000001	_	-0.4802	-0.08	-5.2
0.0061	_	-0.4001	-0.12	-5.2
0.006110000000000001	_	-0.4802	-0.08	-5.0
0.0061200000000000004	_	-0.4001	-0.12	-5.0
0.006130000000000001	_	-0.4802	-0.08	-5.2
0.0061400000000000005	_	-0.4802	-0.12	-5.0
0.00615	_	-0.24	-0.08	-5.2
0.0061600000000000005	_	-0.4802	-0.08	-5.0
0.00617	_	-0.24	-0.12	-5.2
0.006180000000000001	_	-0.32	-0.12	-5.0
0.00619	_	-0.24	0.0	-5.2
0.006200000000000001	_	-0.32	0.0	-5.0
0.00621	_	-0.24	-0.12	-5.2
0.006220000000000001	_	-0.32	0.0	-5.2
0.00623	_	-0.24	-0.04	-5.0
0.006240000000000001	_	-0.32	-0.04	-5.0
0.00625	_	-0.24	0.04	-5.2
0.006260000000000001	_	-0.32	0.04	-5.2
0.00627	_	-0.24	0.0	-5.0
0.006280000000000001	_	-0.24	0.0	-5.0
0.0062900000000000005	_	-0.32	0.12	-5.2
0.006300000000000001	_	-0.32	0.08	-5.2
0.0063100000000000005	_	-0.24	0.16	-5.0
0.00632	_	-0.24	0.12	-5.0
0.0063300000000000006	_	-0.32	0.24	-5.2
0.00634	_	-0.24	0.2001	-5.0
0.006350000000000001	_	-0.32	0.32	-5.2
0.00636	_	-0.32	0.28	-5.0
0.006370000000000001	_	-0.1599	0.4001	-5.2
0.00638	_	-0.24	0.36	-5.2
0.006390000000000001	_	-0.1599	0.52	-5.0
0.0064	_	-0.1599	0.48	-5.2
0.006410000000000001	_	-0.24	0.64	-5.0
0.00642	_	-0.24	0.56	-5.0
0.006430000000000001	_	-0.1599	0.72	-5.2
0.00644	_	-0.1599	0.68	-5.0
0.006450000000000001	_	-0.24	0.8403	-5.2
0.0064600000000000005	_	-0.1599	0.8003	-5.0
0.006470000000000001	_	-0.24	0.8804	-5.2
0.0064800000000000005	_	-0.1599	0.8403	-5.0
0.00649	_	-0.24	0.96	-5.2
0.006500000000000001	_	-0.1599	0.8403	-5.0
0.00651	_	-0.24	0.96	-5.2
0.006520000000000001	_	-0.1599	0.9204	-5.2
0.00653	_	-0.24	0.96	-5.0
0.006540000000000001	_	-0.1599	0.96	-5.0
0.00655	_	-0.24	0.9204	-5.2
0.006560000000000001	_	-0.1599	0.96	-5.0
0.00657	_	-0.24	0.8403	-5.2
0.006580000000000001	_	-0.24	0.8804	-5.0
0.00659	_	0.0	0.8003	-5.2
0.006600000000000001	_	0.0	0.8403	-5.0
0.00661	_	-0.0801	0.72	-5.2
0.006620000000000001	_	0.0	0.7603	-5.0
0.0066300000000000005	_	-0.0801	0.68	-5.2
0.006640000000000001	_	-0.0801	0.68	-5.2
0.0066500000000000005	_	0.0	0.56	-5.0
0.00666	_	-0.0801	0.6	-5.2
0.006670000000000001	_	0.0	0.4402	-5.0
0.00668	_	-0.0801	0.48	-5.0
0.006690000000000001	_	0.0	0.36	-5.2
0.0067	_	-0.0801	0.4001	-5.0
0.006710000000000001	_	0.0	0.28	-5.2
0.00672	_	0.0	0.36	-5.0
0.006730000000000001	_	-0.0801	0.2001	-5.2
0.00674	_	-0.0801	0.24	-5.2
0.006750000000000001	_	0.0	0.12	-5.0
0.00676	_	0.0	0.16	-5.0
0.006770000000000001	_	-0.0801	0.08	-5.2
0.0067800000000000004	_	0.0	0.16	-5.0
0.006790000000000001	_	-0.0801	0.08	-5.2
0.0068000000000000005	_	-0.0801	0.12	-5.0
0.006810000000000001	_	0.0801	0.0	-5.2
0.0068200000000000005	_	0.0801	0.04	-5.0
0.00683	_	0.0	0.0	-5.2
0.006840000000000001	_	0.0801	0.04	-5.0
0.00685	_	0.0	0.0	-5.2
0.006860000000000001	_	0.0801	0.04	-5.2
0.00687	_	0.0	0.0	-5.0
0.006880000000000001	_	0.0801	0.0	-5.0
0.00689	_	0.0	0.04	-5.2
0.006900000000000001	_	0.0801	0.04	-5.0
0.00691	_	0.0	0.0	-5.2
0.006920000000000001	_	0.0801	0.04	-5.0
0.00693	_	0.0	0.0	-5.2
0.006940000000000001	_	0.0801	0.04	-5.0
0.0069500000000000004	_	0.0	0.0	-5.2
0.006960000000000001	_	0.0801	0.04	-5.0
0.0069700000000000005	_	0.0	0.0	-5.2
0.006980000000000001	_	0.0	0.04	-5.2
0.0069900000000000006	_	0.0801	0.0	-5.0
0.007	_	0.0	0.0	-5.0
0.007010000000000001	_	0.24	0.04	-5.2
0.00702	_	0.0	0.04	-5.2
0.007030000000000001	_	0.24	0.0	-5.0
0.00704	_	0.24	0.04	-5.0
0.007050000000000001	_	0.16	0.0	-5.2
0.00706	_	0.16	0.0	-5.0
0.007070000000000001	_	0.24	0.04	-5.2
0.00708	_	0.16	0.0	-5.0
0.007090000000000001	_	0.24	0.04	-5.2
0.0071	_	0.24	0.04	-5.0
0.007110000000000001	_	0.16	0.0	-5.2
0.0071200000000000005	_	0.16	0.04	-5.2
0.007130000000000001	_	0.24	0.0	-5.0
0.0071400000000000005	_	0.16	0.04	-5.0
0.007150000000000001	_	0.24	0.0	-5.2
0.0071600000000000006	_	0.16	0.0	-5.0
0.00717	_	0.24	0.12	-5.2
0.007180000000000001	_	0.16	0.0	-5.0
0.00719	_	0.24	0.12	-5.2
0.007200000000000001	_	0.24	0.0	-5.0
0.00721	_	0.16	0.12	-5.2
0.007220000000000001	_	0.16	0.08	-5.0
0.00723	_	0.32	0.12	-5.2
0.007240000000000001	_	0.16	0.08	-5.0
0.00725	_	0.32	0.12	-5.2
0.007260000000000001	_	0.32	0.08	-5.0
0.00727	_	0.24	0.16	-5.2
0.007280000000000001	_	0.32	0.12	-5.0
0.0072900000000000005	_	0.24	0.16	-5.2
0.007300000000000001	_	0.24	0.12	-5.0
0.0073100000000000005	_	0.32	0.24	-5.2
0.007320000000000001	_	0.32	0.24	-5.2
0.007330000000000001	_	0.24	0.2001	-5.0
0.00734	_	0.24	0.2001	-5.0
0.007350000000000001	_	0.32	0.28	-5.2
0.00736	_	0.32	0.24	-5.0
0.007370000000000001	_	0.24	0.36	-5.2
0.00738	_	0.32	0.32	-5.2
0.007390000000000001	_	0.24	0.4001	-5.0
0.0074	_	0.24	0.32	-5.0
0.007410000000000001	_	0.32	0.4402	-5.2
0.00742	_	0.24	0.4001	-5.2
0.007430000000000001	_	0.32	0.52	-5.0
0.00744	_	0.24	0.52	-5.0
0.007450000000000001	_	0.48	0.4402	-5.2
0.0074600000000000005	_	0.48	0.48	-5.0
0.007470000000000001	_	0.32	0.64	-5.2
0.0074800000000000005	_	0.4001	0.56	-5.0
0.007490000000000001	_	0.48	0.64	-5.2
0.007500000000000001	_	0.4001	0.6	-5.0
0.00751	_	0.48	0.72	-5.2
0.007520000000000001	_	0.4001	0.68	-5.2
0.00753	_	0.48	0.7603	-5.0
0.007540000000000001	_	0.4001	0.72	-5.2
0.00755	_	0.48	0.8403	-5.0
0.007560000000000001	_	0.4001	0.72	-5.2
0.00757	_	0.48	0.8403	-5.0
0.007580000000000001	_	0.4001	0.8003	-5.0
0.00759	_	0.48	0.8804	-5.2
0.007600000000000001	_	0.4001	0.8003	-5.2
0.0076100000000000004	_	0.48	0.8804	-5.0
0.007620000000000001	_	0.4001	0.8003	-5.2
0.0076300000000000005	_	0.48	0.8804	-5.0
0.007640000000000001	_	0.48	0.8003	-5.0
0.0076500000000000005	_	0.4001	0.8804	-5.2
0.007660000000000001	_	0.4001	0.8403	-5.2
0.007670000000000001	_	0.48	0.72	-5.0
0.007680000000000001	_	0.4001	0.72	-5.2
0.007690000000000001	_	0.56	0.8403	-5.0
0.0077	_	0.56	0.8403	-5.2
0.007710000000000001	_	0.48	0.68	-5.0
0.00772	_	0.56	0.68	-5.2
0.007730000000000001	_	0.48	0.7603	-5.0
0.00774	_	0.56	0.72	-5.0
0.007750000000000001	_	0.48	0.6	-5.2
0.00776	_	0.56	0.68	-5.0
0.007770000000000001	_	0.48	0.56	-5.2
0.0077800000000000005	_	0.56	0.56	-5.2
0.007790000000000001	_	0.48	0.64	-5.0
0.0078000000000000005	_	0.56	0.64	-5.0
0.007810000000000001	_	0.48	0.52	-5.2
0.00782	_	0.56	0.6	-5.2
0.00783	_	0.48	0.48	-5.0
0.007840000000000001	_	0.48	0.48	-5.2
0.007850000000000001	_	0.56	0.6	-5.0
0.00786	_	0.56	0.48	-5.0
0.00787	_	0.48	0.6	-5.2
0.00788	_	0.56	0.48	-5.0
0.007890000000000001	_	0.48	0.6	-5.2
0.0079	_	0.48	0.6	-5.0
0.00791	_	0.56	0.48	-5.2
0.00792	_	0.56	0.48	-5.0
0.007930000000000001	_	0.48	0.6	-5.2
0.007940000000000001	_	0.56	0.6	-5.0
0.00795	_	0.48	0.48	-5.2
0.00796	_	0.56	0.6	-5.0
0.007970000000000001	_	0.48	0.48	-5.2
0.007980000000000001	_	0.56	0.56	-5.0
0.00799	_	0.48	0.64	-5.2
0.008	_	0.56	0.64	-5.0
0.008010000000000001	_	0.48	0.56	-5.2
0.008020000000000001	_	0.56	0.56	-5.0
0.00803	_	0.48	0.68	-5.2
0.00804	_	0.56	0.6	-5.0
0.00805	_	0.48	0.72	-5.2
0.008060000000000001	_	0.48	0.72	-5.0
0.00807	_	0.56	0.6	-5.2
0.00808	_	0.48	0.68	-5.0
0.00809	_	0.64	0.7603	-5.2
0.008100000000000001	_	0.48	0.7603	-5.0
0.008110000000000001	_	0.72	0.68	-5.2
0.00812	_	0.72	0.72	-5.2
0.00813	_	0.48	0.8403	-5.0
0.008140000000000001	_	0.72	0.8403	-5.2
0.008150000000000001	_	0.64	0.72	-5.0
0.00816	_	0.72	0.8003	-5.2
0.00817	_	0.64	0.8804	-5.0
0.008180000000000002	_	0.64	0.8003	-5.2
0.008190000000000001	_	0.72	0.8804	-5.0
0.0082	_	0.72	0.8804	-5.0
0.00821	_	0.64	0.8003	-5.2
0.00822	_	0.64	0.8403	-5.0
0.008230000000000001	_	0.72	0.96	-5.2
0.00824	_	0.64	0.96	-5.0
0.00825	_	0.72	0.8403	-5.2
0.00826	_	0.64	0.8804	-5.0
0.008270000000000001	_	0.72	0.96	-5.2
0.008280000000000001	_	0.64	0.96	-5.0
0.00829	_	0.72	0.9204	-5.2
0.0083	_	0.72	0.9204	-5.0
0.008310000000000001	_	0.64	1.0	-5.2
0.008320000000000001	_	0.64	0.9204	-5.0
0.00833	_	0.72	1.0	-5.2
0.00834	_	0.64	1.0	-5.0
0.008350000000000002	_	0.72	0.9204	-5.2
0.008360000000000001	_	0.64	1.0	-5.0
0.00837	_	0.72	0.96	-5.2
0.00838	_	0.64	0.96	-5.2
0.00839	_	0.72	1.0	-5.0
0.008400000000000001	_	0.64	1.0	-5.2
0.00841	_	0.72	0.96	-5.0
0.00842	_	0.72	1.0	-5.0
0.00843	_	0.64	0.96	-5.2
0.008440000000000001	_	0.64	0.96	-5.2
0.008450000000000001	_	0.72	1.04	-5.0
0.00846	_	0.64	0.96	-5.2
0.00847	_	0.72	1.08	-5.0
0.008480000000000001	_	0.72	1.08	-5.2
0.008490000000000001	_	0.64	0.96	-5.0
0.0085	_	0.64	0.96	-5.2
0.00851	_	0.72	1.08	-5.0
0.008520000000000002	_	0.64	1.08	-5.0
0.008530000000000001	_	0.72	0.96	-5.2
0.00854	_	0.64	0.96	-5.0
0.00855	_	0.72	1.08	-5.2
0.00856	_	0.72	1.08	-5.2
0.008570000000000001	_	0.64	0.96	-5.0
0.00858	_	0.72	1.08	-5.2
0.00859	_	0.64	0.96	-5.0
0.0086	_	0.64	0.96	-5.0
0.008610000000000001	_	0.72	1.08	-5.2
0.008620000000000001	_	0.64	1.08	-5.0
0.00863	_	0.72	0.96	-5.2
0.00864	_	0.64	1.08	-5.0
0.008650000000000001	_	0.72	0.96	-5.2
0.008660000000000001	_	0.64	1.08	-5.2
0.00867	_	0.72	0.96	-5.0
0.00868	_	0.64	1.08	-5.0
0.008690000000000002	_	0.72	0.96	-5.2
0.008700000000000001	_	0.64	0.96	-5.2
0.00871	_	0.72	1.08	-5.0
0.00872	_	0.64	1.08	-5.2
0.00873	_	0.72	0.96	-5.0
0.008740000000000001	_	0.72	0.96	-5.0
0.00875	_	0.64	1.08	-5.2
0.00876	_	0.64	1.08	-5.2
0.00877	_	0.72	0.96	-5.0
0.008780000000000001	_	0.64	0.96	-5.2
0.008790000000000001	_	0.72	1.04	-5.0
0.0088	_	0.72	0.96	-5.0
0.00881	_	0.64	1.08	-5.2
0.008820000000000001	_	0.64	0.96	-5.2
0.008830000000000001	_	0.72	1.08	-5.0
0.00884	_	0.72	1.0	-5.2
0.00885	_	0.64	0.96	-5.0
0.008860000000000002	_	0.64	1.0	-5.2
0.008870000000000001	_	0.72	0.96	-5.0
0.00888	_	0.64	0.96	-5.2
0.00889	_	0.72	1.0	-5.0
0.0089	_	0.64	1.0	-5.0
0.008910000000000001	_	0.72	0.96	-5.2
0.00892	_	0.64	1.0	-5.0
0.00893	_	0.72	0.96	-5.2
0.00894	_	0.72	0.96	-5.2
0.008950000000000001	_	0.64	1.0	-5.0
0.008960000000000001	_	0.64	1.0	-5.0
0.00897	_	0.72	0.96	-5.2
0.00898	_	0.64	1.0	-5.0
0.008990000000000001	_	0.72	0.96	-5.2
0.009000000000000001	_	0.72	1.0	-5.0
0.00901	_	0.64	0.96	-5.2
0.00902	_	0.64	1.0	-5.2
0.009030000000000002	_	0.72	0.96	-1.399
0.009040000000000001	_	0.72	1.0	-1.198
0.00905	_	0.64	0.96	4.598
0.00906	_	0.64	1.0	4.4
0.00907	_	0.72	0.96	5.0
0.009080000000000001	_	0.64	1.0	5.0
0.00909	_	0.72	0.96	4.8
0.0091	_	0.72	1.0	5.0
0.00911	_	0.64	0.96	4.8
0.009120000000000001	_	0.64	1.0	5.0
0.009130000000000001	_	0.72	0.96	4.8
0.00914	_	0.72	0.96	5.0
0.00915	_	0.64	1.0	4.8
0.009160000000000001	_	0.64	0.96	5.0
0.009170000000000001	_	0.72	1.0	4.8
0.00918	_	0.64	1.0	5.0
0.00919	_	0.72	0.96	4.8
0.009200000000000002	_	0.64	1.0	5.0
0.009210000000000001	_	0.72	0.96	4.8
0.00922	_	0.64	1.0	5.0
0.00923	_	0.72	0.96	4.8
0.00924	_	0.72	1.0	5.0
0.009250000000000001	_	0.64	0.96	4.8
0.009260000000000001	_	0.64	0.96	4.8
0.00927	_	0.72	1.0	5.0
0.00928	_	0.64	1.0	5.0
0.009290000000000001	_	0.72	0.96	4.8
0.009300000000000001	_	0.64	1.0	5.0
0.00931	_	0.72	0.96	4.8
0.00932	_	0.64	0.96	5.0
0.009330000000000001	_	0.72	1.0	4.8
0.009340000000000001	_	0.64	0.96	5.0
0.00935	_	0.72	1.04	4.8
0.00936	_	0.64	0.96	5.0
0.009370000000000002	_	0.72	1.08	4.8
0.009380000000000001	_	0.64	0.96	5.0
0.00939	_	0.72	1.08	4.8
0.0094	_	0.64	0.96	5.0
0.00941	_	0.72	1.08	4.8
0.009420000000000001	_	0.72	1.08	5.0
0.009430000000000001	_	0.64	0.96	4.8
0.00944	_	0.72	1.08	5.0
0.00945	_	0.64	0.96	4.8
0.009460000000000001	_	0.64	0.96	5.0
0.009470000000000001	_	0.72	1.08	4.8
0.00948	_	0.64	1.08	5.0
0.00949	_	0.72	0.96	4.8
0.009500000000000001	_	0.64	1.08	5.0
0.009510000000000001	_	0.72	1.0	4.8
0.00952	_	0.64	1.08	4.8
0.00953	_	0.72	1.04	5.0
0.009540000000000002	_	0.72	1.08	5.0
0.009550000000000001	_	0.64	1.0	4.8
0.00956	_	0.64	1.04	5.0
0.00957	_	0.72	1.08	4.8
0.00958	_	0.64	1.04	4.8
0.009590000000000001	_	0.72	1.08	5.0
0.009600000000000001	_	0.64	1.08	4.8
0.00961	_	0.72	1.04	5.0
0.00962	_	0.64	1.08	5.0
0.009630000000000001	_	0.72	1.04	4.8
0.009640000000000001	_	0.64	1.04	5.0
0.00965	_	0.72	1.08	4.8
0.00966	_	0.72	1.04	4.8
0.009670000000000002	_	0.64	1.08	5.0
0.009680000000000001	_	0.72	1.04	5.0
0.00969	_	0.64	1.08	4.8
0.0097	_	0.64	1.04	5.0
0.009710000000000002	_	0.72	1.08	4.8
0.009720000000000001	_	0.72	1.04	5.0
0.00973	_	0.64	1.08	4.8
0.00974	_	0.64	1.04	5.0
0.00975	_	0.72	1.08	4.8
0.009760000000000001	_	0.72	1.04	4.8
0.009770000000000001	_	0.64	1.08	5.0
0.00978	_	0.64	1.08	5.0
0.00979	_	0.72	1.04	4.8
0.009800000000000001	_	0.64	1.04	5.0
0.009810000000000001	_	0.72	1.08	4.8
0.00982	_	0.64	1.04	4.8
0.00983	_	0.72	1.08	5.0
0.009840000000000002	_	0.72	1.04	5.0
0.009850000000000001	_	0.64	1.08	4.8
0.00986	_	0.64	1.04	5.0
0.00987	_	0.72	1.08	4.8
0.009880000000000002	_	0.64	1.04	5.0
0.009890000000000001	_	0.72	1.08	4.8
0.0099	_	0.64	1.04	5.0
0.00991	_	0.72	1.08	4.8
0.00992	_	0.72	1.04	5.0
0.009930000000000001	_	0.64	1.08	4.8
0.009940000000000001	_	0.72	1.04	5.0
0.00995	_	0.56	1.08	4.8
0.00996	_	0.72	1.04	5.0
0.009970000000000001	_	0.48	1.08	4.8
0.009980000000000001	_	0.48	1.04	4.8
0.00999	_	0.72	1.08	5.0
0.01	_	0.48	1.04	5.0
0.010010000000000002	_	0.72	1.08	4.8
0.010020000000000001	_	0.48	1.08	5.0
0.01003	_	0.72	1.04	4.8
0.01004	_	0.48	1.04	5.0
0.010050000000000002	_	0.64	1.08	4.8
0.010060000000000001	_	0.48	1.04	5.0
0.01007	_	0.64	1.08	4.8
0.01008	_	0.56	1.04	5.0
0.01009	_	0.48	1.08	4.8
0.010100000000000001	_	0.56	1.08	5.0
0.010110000000000001	_	0.48	1.04	4.8
0.01012	_	0.56	1.04	4.8
0.01013	_	0.48	1.08	5.0
0.010140000000000001	_	0.56	1.08	4.8
0.010150000000000001	_	0.48	0.96	5.0
0.01016	_	0.48	1.08	5.0
0.01017	_	0.56	0.96	4.8
0.010180000000000002	_	0.56	1.0	5.0
0.010190000000000001	_	0.48	0.96	4.8
0.0102	_	0.56	1.0	5.0
0.01021	_	0.48	0.96	4.8
0.010220000000000002	_	0.56	1.0	5.0
0.010230000000000001	_	0.48	0.9204	4.8
0.01024	_	0.56	1.0	5.0
0.01025	_	0.48	0.9204	4.8
0.01026	_	0.56	0.9204	5.0
0.010270000000000001	_	0.48	0.96	4.8
0.010280000000000001	_	0.48	0.96	5.0
0.01029	_	0.56	0.8403	4.8
0.0103	_	0.56	0.96	5.0
0.010310000000000001	_	0.48	0.8403	4.8
0.010320000000000001	_	0.56	0.8804	5.0
0.01033	_	0.48	0.8003	4.8
0.01034	_	0.56	0.8804	5.0
0.010350000000000002	_	0.48	0.8003	4.8
0.010360000000000001	_	0.56	0.8403	4.8
0.01037	_	0.48	0.72	5.0
0.01038	_	0.56	0.7603	5.0
0.010390000000000002	_	0.48	0.68	4.8
0.010400000000000001	_	0.56	0.68	5.0
0.01041	_	0.4001	0.72	4.8
0.01042	_	0.56	0.72	5.0
0.01043	_	0.4001	0.6	4.8
0.010440000000000001	_	0.48	0.64	5.0
0.010450000000000001	_	0.4001	0.56	4.8
0.01046	_	0.4001	0.6	5.0
0.01047	_	0.48	0.48	4.8
0.010480000000000001	_	0.4001	0.52	5.0
0.010490000000000001	_	0.48	0.48	4.8
0.0105	_	0.4001	0.52	5.0
0.01051	_	0.48	0.4402	4.8
0.010520000000000002	_	0.4001	0.4402	5.0
0.010530000000000001	_	0.48	0.48	4.8
0.01054	_	0.4001	0.4402	5.0
0.01055	_	0.48	0.48	4.8
0.010560000000000002	_	0.4001	0.4402	5.0
0.010570000000000001	_	0.48	0.48	4.8
0.01058	_	0.4001	0.48	4.8
0.01059	_	0.48	0.4001	5.0
0.0106	_	0.4001	0.4402	5.0
0.010610000000000001	_	0.48	0.48	4.8
0.010620000000000001	_	0.4001	0.4402	4.8
0.01063	_	0.48	0.48	5.0
0.01064	_	0.48	0.4402	5.0
0.010650000000000001	_	0.24	0.52	4.8
0.010660000000000001	_	0.24	0.52	5.0
0.01067	_	0.4001	0.4402	4.8
0.01068	_	0.32	0.48	4.8
0.010690000000000002	_	0.24	0.6	5.0
0.010700000000000001	_	0.32	0.48	5.0
0.01071	_	0.24	0.6	4.8
0.01072	_	0.32	0.56	5.0
0.010730000000000002	_	0.24	0.64	4.8
0.010740000000000001	_	0.32	0.64	5.0
0.010750000000000001	_	0.24	0.56	4.8
0.01076	_	0.32	0.6	5.0
0.01077	_	0.24	0.72	4.8
0.010780000000000001	_	0.32	0.6	5.0
0.010790000000000001	_	0.24	0.72	4.8
0.0108	_	0.32	0.72	5.0
0.01081	_	0.24	0.68	4.8
0.010820000000000001	_	0.32	0.68	5.0
0.010830000000000001	_	0.24	0.7603	4.8
0.01084	_	0.32	0.7603	5.0
0.01085	_	0.24	0.68	4.8
0.010860000000000002	_	0.32	0.7603	4.8
0.010870000000000001	_	0.16	0.68	5.0
0.01088	_	0.24	0.7603	5.0
0.01089	_	0.16	0.68	4.8
0.010900000000000002	_	0.16	0.68	5.0
0.010910000000000001	_	0.24	0.7603	4.8
0.010920000000000001	_	0.24	0.68	5.0
0.01093	_	0.16	0.72	4.8
0.01094	_	0.24	0.68	5.0
0.010950000000000001	_	0.16	0.72	4.8
0.010960000000000001	_	0.16	0.72	5.0
0.01097	_	0.24	0.6	4.8
0.01098	_	0.16	0.64	5.0
0.010990000000000002	_	0.24	0.6	4.8
0.011000000000000001	_	0.16	0.64	5.0
0.01101	_	0.24	0.56	4.8
0.01102	_	0.16	0.6	5.0
0.011030000000000002	_	0.24	0.52	4.8
0.011040000000000001	_	0.24	0.6	5.0
0.01105	_	0.16	0.48	4.8
0.01106	_	0.24	0.52	5.0
0.011070000000000002	_	0.0801	0.4402	4.8
0.011080000000000001	_	0.16	0.48	4.8
0.011090000000000001	_	0.0	0.36	5.0
0.0111	_	0.0801	0.36	5.0
0.01111	_	0.0	0.4001	4.8
0.011120000000000001	_	0.0801	0.4001	5.0
0.011130000000000001	_	0.0	0.32	4.8
0.01114	_	0.0801	0.36	5.0
0.01115	_	0.0	0.24	4.8
0.011160000000000002	_	0.0801	0.28	5.0
0.011170000000000001	_	0.0	0.2001	4.8
0.01118	_	0.0801	0.2001	5.0
0.01119	_	0.0	0.28	4.8
0.011200000000000002	_	0.0801	0.24	5.0
0.011210000000000001	_	0.0	0.12	4.8
0.01122	_	0.0801	0.16	5.0
0.01123	_	0.0	0.08	4.8
0.011240000000000002	_	0.0801	0.08	4.8
0.011250000000000001	_	0.0	0.16	5.0
0.011260000000000001	_	0.0801	0.12	5.0
0.01127	_	0.0	0.04	4.8
0.01128	_	0.0801	0.12	5.0
0.011290000000000001	_	-0.0801	0.0	4.8
0.011300000000000001	_	-0.0801	0.04	5.0
0.01131	_	0.0801	0.0	4.8
0.01132	_	-0.0801	0.04	5.0
0.011330000000000002	_	0.0	-0.04	4.8
0.011340000000000001	_	0.0	0.04	5.0
0.01135	_	-0.0801	-0.04	4.8
0.01136	_	-0.0801	-0.04	5.0
0.011370000000000002	_	0.0	0.0	4.8
0.011380000000000001	_	-0.0801	0.0	5.0
0.01139	_	0.0	-0.04	4.8
0.0114	_	-0.0801	-0.04	5.0
0.011410000000000002	_	0.0	0.0	4.8
0.011420000000000001	_	-0.0801	0.0	5.0
0.011430000000000001	_	0.0	-0.08	4.8
0.01144	_	-0.0801	0.0	5.0
0.01145	_	0.0	-0.12	4.8
0.011460000000000001	_	-0.0801	-0.12	4.8
0.011470000000000001	_	0.0	0.0	5.0
0.01148	_	-0.0801	-0.12	5.0
0.01149	_	0.0	-0.08	4.8
0.011500000000000002	_	0.0	-0.08	5.0
0.011510000000000001	_	-0.24	-0.12	4.8
0.01152	_	-0.24	-0.08	5.0
0.01153	_	-0.0801	-0.12	4.8
0.011540000000000002	_	-0.1599	-0.12	5.0
0.011550000000000001	_	-0.24	-0.08	4.8
0.01156	_	-0.1599	-0.08	5.0
0.01157	_	-0.24	-0.12	4.8
0.011580000000000002	_	-0.1599	-0.08	5.0
0.011590000000000001	_	-0.24	-0.12	4.8
0.011600000000000001	_	-0.1599	-0.08	4.8
0.01161	_	-0.24	-0.12	5.0
0.01162	_	-0.1599	-0.08	5.0
0.011630000000000001	_	-0.24	-0.12	4.8
0.011640000000000001	_	-0.1599	-0.08	5.0
0.01165	_	-0.24	-0.12	4.8
0.01166	_	-0.1599	-0.12	5.0
0.011670000000000002	_	-0.24	-0.08	4.8
0.011680000000000001	_	-0.1599	-0.08	5.0
0.01169	_	-0.24	-0.12	4.8
0.0117	_	-0.24	-0.08	5.0
0.011710000000000002	_	-0.1599	-0.16	4.8
0.011720000000000001	_	-0.1599	-0.08	5.0
0.01173	_	-0.32	-0.16	4.8
0.01174	_	-0.1599	-0.16	4.8
0.011750000000000002	_	-0.32	-0.08	5.0
0.011760000000000001	_	-0.32	-0.08	5.0
0.011770000000000001	_	-0.24	-0.16	4.8
0.01178	_	-0.32	-0.16	5.0
0.01179	_	-0.24	-0.08	4.8
0.011800000000000001	_	-0.32	-0.16	5.0
0.011810000000000001	_	-0.24	-0.12	4.8
0.01182	_	-0.32	-0.16	4.8
0.01183	_	-0.24	-0.08	5.0
0.011840000000000002	_	-0.24	-0.16	5.0
0.011850000000000001	_	-0.32	-0.08	4.8
0.01186	_	-0.32	-0.16	5.0
0.01187	_	-0.24	-0.08	4.8
0.011880000000000002	_	-0.32	-0.16	5.0
0.011890000000000001	_	-0.24	-0.08	4.8
0.0119	_	-0.24	-0.08	5.0
0.01191	_	-0.4802	-0.12	4.8
0.011920000000000002	_	-0.24	-0.08	5.0
0.011930000000000001	_	-0.4802	-0.12	4.8
0.011940000000000001	_	-0.24	-0.08	5.0
0.01195	_	-0.4802	-0.12	4.8
0.01196	_	-0.32	-0.12	4.8
0.011970000000000001	_	-0.4802	0.0	5.0
0.011980000000000001	_	-0.4802	0.0	5.0
0.01199	_	-0.24	-0.04	4.8
