seconds_pre_waveform_query	1729620071.0866168
seconds_post_waveform_query	1729620071.102405
xzero1	0
xmultiplier1	5e-05
yzero1	2.18
ymultiplier1	0.02
transfer_duty_cycle	1.0
xzero2	0
xmultiplier2	5e-05
yzero2	0.32
ymultiplier2	0.08
xzero3	0
xmultiplier3	5e-05
yzero3	-0.0
ymultiplier3	0.04
xzero4	0
xmultiplier4	5e-05
yzero4	-0.0
ymultiplier4	0.4
DataboxPlot_Note	'Note'
self.combo_binary	0
self.combo_autoscript	1
self.button_enabled	True
self.button_multi	True
self.button_link_x	True
self.button_script	False
self.number_file	0
self.script	"x = ( d[0] )\ny = ( d[1], d[2], d[3], d[4] )\n\nxlabels = 'x'\nylabels = ( 'y1', 'y2', 'y3', 'y4' )\n"
self.number_history	0
self.text_log_note	'Note'

x	y1	y2	y3	y4
0.0	0.01953	-0.8	0.04	-5.2
5e-05	0.03906	-0.6396	0.0	-5.2
0.0001	0.01953	-0.7197	0.04	-5.2
0.00015000000000000001	0.0586	-0.8	0.0	-5.2
0.0002	0.01953	-0.8	0.04	-5.2
0.00025	0.0586	-0.7197	0.0	-5.2
0.00030000000000000003	0.01953	-0.8	0.04	-5.2
0.00035	0.03906	-0.7197	0.0	-5.598
0.0004	0.01953	-0.7197	0.04	-5.2
0.00045000000000000004	0.0586	-0.8	0.0	-5.598
0.0005	0.01953	-0.8	0.04	-5.2
0.00055	0.0586	-0.7197	0.0	-5.598
0.0006000000000000001	0.01953	-0.7197	0.0	-5.2
0.0006500000000000001	0.0586	-0.8	0.04	-5.598
0.0007	0.01953	-0.7197	0.04	-5.2
0.00075	0.0586	-0.8	0.0	-5.2
0.0008	0.03906	-0.8	0.04	-5.2
0.0008500000000000001	0.01953	-0.7197	0.0	-5.2
0.0009000000000000001	0.01953	-0.8	0.04	-5.2
0.00095	0.03906	-0.7197	0.0	-5.598
0.001	0.01953	-0.7197	0.04	-5.2
0.0010500000000000002	0.03906	-0.8	0.0	-5.2
0.0011	0.03906	-0.7197	0.04	-5.2
0.00115	0.01953	-0.8	0.0	-5.2
0.0012000000000000001	0.01953	-0.7197	0.0	-5.2
0.00125	0.0586	-0.88	0.04	-5.2
0.0013000000000000002	0.01953	-0.88	0.04	-5.2
0.00135	0.0586	-0.7197	0.0	-5.598
0.0014	0.01953	-0.7197	0.04	-5.2
0.0014500000000000001	0.03906	-0.88	0.0	-5.598
0.0015	0.01953	-0.88	0.04	-5.2
0.0015500000000000002	0.03906	-0.7197	0.0	-5.598
0.0016	0.01953	-0.8	0.04	-5.2
0.00165	0.0586	-0.88	0.0	-5.598
0.0017000000000000001	0.01953	-0.88	0.0	-5.2
0.00175	0.0586	-0.8	0.04	-5.598
0.0018000000000000002	0.03906	-0.8	0.04	-5.2
0.00185	0.01953	-0.88	0.0	-5.2
0.0019	0.03906	-0.88	0.04	-5.2
0.0019500000000000001	0.01953	-0.8	0.0	-5.2
0.002	0.01953	-0.88	0.04	-5.2
0.00205	0.0586	-0.8	0.0	-5.598
0.0021000000000000003	0.01953	-0.88	0.04	-5.2
0.00215	0.0586	-0.8	0.0	-5.2
0.0022	0.01953	-0.88	0.04	-5.2
0.0022500000000000003	0.0586	-0.8	0.0	-5.2
0.0023	0.01953	-0.88	0.0	-5.2
0.00235	0.0586	-0.8	0.04	-5.598
0.0024000000000000002	0.01953	-0.88	0.04	-5.2
0.00245	0.0586	-0.8	0.0	-5.598
0.0025	0.01953	-0.88	0.04	-5.2
0.00255	0.0586	-0.8	0.0	-5.598
0.0026000000000000003	0.01953	-0.8	0.04	-5.2
0.00265	0.0586	-0.88	0.0	-5.598
0.0027	0.01953	-0.88	0.0	-5.2
0.0027500000000000003	0.0586	-0.8	0.04	-5.598
0.0028	0.01953	-0.88	0.04	-5.2
0.00285	0.0586	-0.8	0.0	-5.2
0.0029000000000000002	0.01953	-0.88	0.04	-5.2
0.00295	0.0586	-0.8	0.0	-5.2
0.003	0.01953	-0.88	0.04	-5.2
0.00305	0.0586	-0.8	0.0	-5.598
0.0031000000000000003	0.01953	-0.88	0.04	-5.2
0.00315	0.0586	-0.8	0.0	-5.2
0.0032	0.01953	-0.8	0.04	-5.2
0.0032500000000000003	0.0586	-0.88	0.0	-5.2
0.0033	0.01953	-0.88	0.04	-5.2
0.00335	0.0586	-0.8	0.0	-5.598
0.0034000000000000002	0.01953	-0.88	0.0	-5.2
0.0034500000000000004	0.0586	-0.8	0.04	-5.598
0.0035	0.01953	-0.88	0.04	-5.2
0.00355	0.0586	-0.8	0.0	-5.598
0.0036000000000000003	0.01953	-0.88	0.04	-5.2
0.00365	0.0586	-0.8	0.0	-5.598
0.0037	0.01953	-0.88	0.04	-5.2
0.0037500000000000003	0.0586	-0.8	0.0	-5.598
0.0038	0.01953	-0.88	0.04	-5.2
0.00385	0.0586	-0.8	0.0	-5.2
0.0039000000000000003	0.01953	-0.8	0.04	-5.2
0.00395	0.0586	-1.04	0.0	-5.2
0.004	0.01953	-0.8	0.04	-5.2
0.00405	0.0586	-0.96	0.0	-5.2
0.0041	0.01953	-0.8	0.04	-5.2
0.00415	0.0586	-1.04	0.0	-5.2
0.004200000000000001	0.01953	-0.8	0.04	-5.2
0.00425	0.0586	-1.04	0.0	-5.598
0.0043	0.01953	-0.8	0.04	-5.2
0.004350000000000001	0.0586	-1.04	0.0	-5.2
0.0044	0.01953	-1.04	0.04	-5.2
0.00445	0.0586	-0.8	0.0	-5.2
0.0045000000000000005	0.01953	-0.8	0.04	-5.2
0.00455	0.0586	-1.04	0.0	-5.598
0.0046	0.01953	-1.04	0.04	-5.2
0.0046500000000000005	0.0586	-0.8	0.0	-5.598
0.0047	0.01953	-1.04	0.04	-5.2
0.00475	0.0586	-0.8	0.0	-5.598
0.0048000000000000004	0.01953	-1.04	0.0	-5.2
0.00485	0.0586	-0.8	0.04	-5.598
0.0049	0.01953	-1.04	0.04	-5.2
0.00495	0.0586	-0.8	0.0	-5.598
0.005	0.01953	-0.8	0.0	-5.2
0.005050000000000001	0.0586	-1.04	0.04	-5.2
0.0051	0.01953	-0.88	0.04	-5.2
0.00515	0.0586	-1.04	0.0	-5.2
0.005200000000000001	0.01953	-1.04	0.0	-5.2
0.00525	0.0586	-0.8	0.04	-5.598
0.0053	0.01953	-0.88	0.04	-5.2
0.005350000000000001	0.0586	-1.04	0.0	-5.2
0.0054	0.01953	-1.04	0.04	-5.2
0.00545	0.0586	-0.88	0.0	-5.2
0.0055000000000000005	0.01953	-1.04	0.04	-5.2
0.00555	0.0586	-0.8	0.0	-5.2
0.0056	0.01953	-1.04	0.04	-5.2
0.0056500000000000005	0.0586	-0.8	0.0	-5.598
0.0057	0.01953	-1.04	0.04	-5.2
0.00575	0.0586	-0.88	0.0	-5.598
0.0058000000000000005	0.01953	-0.96	0.04	-5.2
0.00585	0.0586	-1.04	0.0	-5.598
0.0059	0.01953	-1.04	0.04	-5.2
0.00595	0.0586	-0.88	0.0	-5.598
0.006	0.01953	-0.96	0.04	-5.2
0.006050000000000001	0.0586	-1.04	0.0	-5.598
0.0061	0.01953	-1.04	0.0	-5.2
0.00615	0.0586	-0.96	0.12	-5.598
0.006200000000000001	0.01953	-0.96	0.0	-5.2
0.00625	0.0586	-1.04	0.04	-5.2
0.0063	0.01953	-1.04	0.04	-5.2
0.006350000000000001	0.0586	-0.96	0.0	-5.2
0.0064	0.01953	-1.04	0.04	-5.2
0.00645	0.0586	-0.96	0.0	-5.598
0.006500000000000001	0.01953	-0.96	0.04	-5.2
0.00655	0.0586	-1.04	0.0	-5.2
0.0066	0.01953	-0.96	0.0	-5.2
0.0066500000000000005	0.0586	-1.04	0.04	-5.2
0.0067	0.01953	-1.04	0.04	-5.2
0.00675	0.0586	-0.96	0.0	-5.2
0.0068000000000000005	0.01953	-1.04	0.04	-5.2
0.00685	0.0586	-0.96	0.0	-5.598
0.006900000000000001	0.0586	-0.96	0.04	-5.2
0.0069500000000000004	0.01953	-1.04	0.0	-5.598
0.007	0.01953	-0.96	0.04	-5.2
0.007050000000000001	0.0586	-1.04	0.0	-5.598
0.0071	0.01953	-0.96	0.04	-5.2
0.00715	0.0586	-1.04	0.0	-5.598
0.007200000000000001	0.01953	-1.04	0.04	-5.2
0.00725	0.0586	-0.96	0.0	-5.598
0.0073	0.01953	-0.96	0.04	-5.2
0.007350000000000001	0.0586	-1.04	0.0	-5.2
0.0074	0.01953	-1.04	0.04	-5.2
0.00745	0.0586	-0.96	0.0	-5.2
0.007500000000000001	0.01953	-1.04	0.04	-5.2
0.00755	0.0586	-0.96	0.0	-5.598
0.0076	0.01953	-0.96	0.04	-5.2
0.0076500000000000005	0.0586	-1.04	0.0	-5.2
0.0077	0.01953	-1.04	0.0	-5.2
0.00775	0.0586	-0.96	0.04	-5.2
0.0078000000000000005	0.01953	-1.04	0.04	-5.2
0.007850000000000001	0.0586	-0.96	0.0	-5.598
0.0079	0.01953	-0.96	0.04	-5.2
0.00795	0.0586	-1.04	0.0	-5.598
0.008	0.01953	-1.04	0.04	-5.598
0.00805	0.0586	-0.96	0.0	4.797
0.0081	0.01953	-0.96	0.04	4.4
0.008150000000000001	0.0586	-1.04	0.0	4.797
0.0082	0.01953	-1.04	0.04	4.797
0.00825	0.0586	-0.96	0.0	4.4
0.0083	0.01953	-0.96	0.04	4.4
0.00835	0.0586	-1.04	0.0	4.797
0.008400000000000001	0.01953	-0.96	0.04	4.797
0.008450000000000001	0.0586	-1.04	0.0	4.4
0.0085	0.01953	-0.96	0.04	4.4
0.00855	0.0586	-1.04	0.0	4.797
0.0086	0.01953	-0.96	0.04	4.797
0.00865	0.0586	-1.04	0.0	4.4
0.008700000000000001	0.01953	-0.96	0.04	4.4
0.00875	0.0586	-1.04	0.0	4.797
0.0088	0.0586	-0.96	0.04	4.4
0.00885	0.01953	-1.04	0.0	4.797
0.0089	0.01953	-0.96	0.04	4.797
0.00895	0.03906	-1.04	0.0	4.4
0.009000000000000001	0.01953	-1.04	0.04	4.4
0.00905	0.0586	-0.96	0.0	4.797
0.0091	0.01953	-1.04	0.04	4.797
0.00915	0.0586	-0.96	0.0	4.4
0.0092	0.01953	-0.96	0.04	4.797
0.009250000000000001	0.0586	-1.04	0.0	4.4
0.009300000000000001	0.03906	-0.96	0.04	4.4
0.00935	0.01953	-1.04	0.0	4.797
0.0094	0.01953	-0.96	0.04	4.797
0.00945	0.0586	-1.04	0.0	4.4
0.0095	0.01953	-0.96	0.0	4.797
0.009550000000000001	0.0586	-1.04	0.04	4.4
0.009600000000000001	0.01953	-0.96	0.04	4.797
0.00965	0.0586	-1.04	0.0	4.4
0.0097	0.01953	-0.96	0.04	4.4
0.00975	0.0586	-1.04	0.0	4.797
0.0098	0.01953	-1.04	0.04	4.4
0.009850000000000001	0.0586	-0.96	0.0	4.797
0.0099	0.01953	-0.96	0.04	4.4
0.00995	0.0586	-1.04	0.0	4.797
0.01	0.01953	-0.96	0.04	4.4
0.01005	0.0586	-1.04	0.0	5.2
0.010100000000000001	0.01953	-1.04	0.04	5.2
0.010150000000000001	0.0586	-0.96	0.0	4.4
0.0102	0.01953	-0.96	0.04	5.2
0.01025	0.0586	-1.04	0.0	4.4
0.0103	0.01953	-1.04	0.04	5.2
0.01035	0.0586	-0.96	0.0	4.4
0.010400000000000001	0.01953	-0.96	0.04	5.2
0.010450000000000001	0.0586	-1.04	0.0	4.4
0.0105	0.01953	-0.96	0.04	4.4
0.01055	0.0586	-1.04	0.0	5.2
0.0106	0.01953	-1.04	0.04	5.2
0.01065	0.0586	-0.88	0.0	4.4
0.010700000000000001	0.01953	-0.96	0.0	5.2
0.010750000000000001	0.0586	-1.04	0.04	4.4
0.0108	0.01953	-1.04	0.04	5.2
0.01085	0.0586	-0.8	0.0	4.4
0.0109	0.0586	-1.04	0.04	5.2
0.01095	0.01953	-0.8	0.0	4.4
0.011000000000000001	0.01953	-1.04	0.0	5.2
0.01105	0.0586	-0.8	0.04	4.4
0.0111	0.01953	-1.04	0.04	5.2
0.01115	0.0586	-0.8	0.0	4.4
0.0112	0.01953	-1.04	0.04	5.2
0.011250000000000001	0.0586	-0.8	0.0	4.4
0.011300000000000001	0.01953	-1.04	0.04	5.2
0.01135	0.0586	-0.8	0.0	4.4
0.0114	0.01953	-1.04	0.04	5.2
0.01145	0.0586	-0.8	0.0	4.4
0.0115	0.01953	-0.8	0.04	4.4
0.011550000000000001	0.0586	-1.04	0.0	5.2
0.011600000000000001	0.01953	-1.04	0.04	4.4
0.01165	0.03906	-0.8	0.0	5.2
0.0117	0.01953	-1.04	0.04	5.2
0.01175	0.0586	-0.8	0.0	4.4
0.0118	0.01953	-0.8	0.04	4.4
0.011850000000000001	0.0586	-1.04	0.0	5.2
0.0119	0.01953	-0.8	0.04	4.4
0.01195	0.0586	-0.96	0.0	5.2
0.012	0.01953	-0.8	0.04	4.4
0.01205	0.0586	-0.88	0.0	5.2
0.012100000000000001	0.01953	-0.88	0.0	4.4
0.012150000000000001	0.0586	-0.8	0.04	5.2
0.0122	0.01953	-0.88	0.04	4.4
0.01225	0.0586	-0.8	0.0	4.797
0.0123	0.01953	-0.8	0.04	4.4
0.01235	0.0586	-0.88	0.0	4.797
0.012400000000000001	0.01953	-0.8	0.04	4.4
0.012450000000000001	0.0586	-0.88	0.0	4.797
0.0125	0.01953	-0.8	0.04	4.4
0.01255	0.0586	-0.96	0.0	4.797
0.0126	0.01953	-0.8	0.04	4.4
0.01265	0.0586	-0.96	0.0	4.797
0.012700000000000001	0.01953	-0.88	0.04	4.4
0.012750000000000001	0.0586	-0.8	0.0	4.797
0.0128	0.01953	-0.88	0.04	4.797
0.01285	0.0586	-0.8	0.0	4.4
0.0129	0.01953	-0.88	0.04	4.4
0.012950000000000001	0.0586	-0.8	0.0	4.797
0.013000000000000001	0.01953	-0.88	0.04	4.4
0.01305	0.0586	-0.8	0.0	4.797
0.0131	0.01953	-0.88	0.04	4.4
0.01315	0.0586	-0.8	0.0	5.2
0.0132	0.01953	-0.88	0.0	4.4
0.013250000000000001	0.0586	-0.8	0.04	4.797
0.013300000000000001	0.01953	-0.88	0.0	4.4
0.01335	0.0586	-0.8	0.04	4.797
0.0134	0.01953	-0.88	0.04	4.4
0.01345	0.0586	-0.8	0.0	4.797
0.0135	0.01953	-0.88	0.04	4.4
0.013550000000000001	0.0586	-0.8	0.0	4.797
0.013600000000000001	0.01953	-0.88	0.04	4.797
0.01365	0.0586	-0.8	0.0	4.4
0.0137	0.01953	-0.88	0.04	4.797
0.01375	0.0586	-0.8	0.0	4.4
0.013800000000000002	0.01953	-0.8	0.0	4.4
0.013850000000000001	0.0586	-0.88	0.04	4.797
0.013900000000000001	0.01953	-0.88	0.0	4.797
0.01395	0.0586	-0.8	0.04	4.4
0.014	0.0586	-0.88	0.04	4.797
0.01405	0.01953	-0.8	0.0	4.4
0.014100000000000001	0.01953	-0.88	0.04	4.797
0.014150000000000001	0.0586	-0.8	0.0	4.4
0.0142	0.01953	-0.88	0.04	4.4
0.01425	0.0586	-0.8	0.0	4.797
0.0143	0.01953	-0.8	0.04	4.4
0.01435	0.0586	-0.88	0.0	4.797
0.014400000000000001	0.01953	-0.88	0.04	4.797
0.014450000000000001	0.0586	-0.8	0.0	4.4
0.0145	0.01953	-0.88	0.04	4.797
0.01455	0.0586	-0.7197	0.0	4.4
0.0146	0.01953	-0.88	0.04	4.4
0.014650000000000002	0.0586	-0.7197	0.0	4.797
0.014700000000000001	0.0586	-0.88	0.04	4.797
0.014750000000000001	0.01953	-0.7197	0.0	4.4
0.0148	0.01953	-0.7197	0.04	4.797
0.01485	0.0586	-0.88	0.0	4.4
0.0149	0.01953	-0.7197	0.04	4.797
0.014950000000000001	0.0586	-0.88	0.0	4.4
0.015000000000000001	0.01953	-0.7197	0.0	4.4
0.015050000000000001	0.0586	-0.8	0.04	4.797
0.0151	0.01953	-0.7197	0.04	4.4
0.01515	0.0586	-0.8	0.0	4.797
0.0152	0.01953	-0.7197	0.04	4.797
0.015250000000000001	0.0586	-0.8	0.0	4.4
0.015300000000000001	0.01953	-0.7197	0.0	4.4
0.01535	0.0586	-0.8	0.04	4.797
0.0154	0.01953	-0.7197	0.04	4.4
0.01545	0.0586	-0.8	0.0	4.797
0.0155	0.01953	-0.7197	0.0	4.797
0.015550000000000001	0.0586	-0.8	0.04	4.4
0.015600000000000001	0.01953	-0.7197	0.04	4.797
0.01565	0.0586	-0.8	0.0	4.4
0.015700000000000002	0.01953	-0.8	0.04	4.4
0.01575	0.0586	-0.7197	0.0	4.797
0.0158	0.01953	-0.7197	0.04	4.797
0.01585	0.0586	-0.8	0.0	4.4
0.0159	0.0586	-0.7197	0.04	4.797
0.015950000000000002	0.01953	-0.8	0.0	4.4
0.016	0.01953	-0.8	0.04	4.4
0.016050000000000002	0.0586	-0.5605	0.0	4.797
0.0161	0.01953	-0.8	0.04	4.4
0.01615	0.0586	-0.5605	0.0	4.797
0.0162	0.01953	-0.5605	0.0	4.4
0.01625	0.0586	-0.8	0.04	4.797
0.016300000000000002	0.01953	-0.6396	0.04	4.797
0.01635	0.0586	-0.5605	0.0	4.4
0.0164	0.01953	-0.6396	0.0	4.4
0.01645	0.0586	-0.5605	0.04	4.797
0.0165	0.01953	-0.6396	0.0	4.4
0.016550000000000002	0.0586	-0.5605	0.04	4.797
0.0166	0.01953	-0.5605	0.04	4.4
0.01665	0.0586	-0.6396	0.0	4.797
0.0167	0.01953	-0.6396	0.0	4.797
0.01675	0.0586	-0.5605	0.04	4.4
0.016800000000000002	0.01953	-0.6396	0.0	4.4
0.01685	0.0586	-0.5605	0.04	4.797
0.016900000000000002	0.01953	-0.6396	0.04	4.4
0.01695	0.0586	-0.5605	0.0	4.797
0.017	0.0586	-0.5605	0.0	4.4
0.01705	0.01953	-0.6396	0.04	4.797
0.0171	0.03906	-0.6396	0.04	4.4
0.017150000000000002	0.01953	-0.4802	0.0	4.797
0.0172	0.01953	-0.6396	0.04	4.4
0.01725	0.0586	-0.4802	0.0	4.797
0.0173	0.0586	-0.6396	0.0	4.797
0.01735	0.01953	-0.4802	0.04	4.4
0.017400000000000002	0.0586	-0.4802	0.04	4.4
0.01745	0.01953	-0.6396	0.0	4.797
0.0175	0.01953	-0.5605	0.04	4.797
0.01755	0.0586	-0.4802	0.0	4.4
0.0176	0.01953	-0.4802	0.0	4.797
0.017650000000000002	0.0586	-0.5605	0.04	4.4
0.0177	0.01953	-0.4802	0.04	4.4
0.017750000000000002	0.0586	-0.5605	0.0	4.797
0.0178	0.01953	-0.5605	0.04	4.4
0.01785	0.0586	-0.4802	0.0	4.797
0.0179	0.01953	-0.4802	0.04	4.4
0.01795	0.0586	-0.5605	0.0	4.797
0.018000000000000002	0.01953	-0.4802	0.0	4.797
0.01805	0.0586	-0.5605	0.04	4.4
0.0181	0.01953	-0.4802	0.0	4.797
0.01815	0.0586	-0.5605	0.04	4.4
0.0182	0.01953	-0.4802	0.04	4.4
0.018250000000000002	0.0586	-0.5605	0.0	4.797
0.0183	0.01953	-0.5605	0.04	4.4
0.01835	0.0586	-0.4802	0.0	4.797
0.0184	0.01953	-0.5605	0.04	4.797
0.01845	0.0586	-0.32	0.0	4.4
0.018500000000000003	0.01953	-0.32	0.04	4.797
0.01855	0.0586	-0.5605	0.0	4.4
0.018600000000000002	0.01953	-0.4001	0.04	4.797
0.01865	0.0586	-0.32	0.0	4.4
0.0187	0.01953	-0.4001	0.04	4.797
0.01875	0.0586	-0.32	0.0	4.4
0.0188	0.0586	-0.4001	0.04	4.797
0.018850000000000002	0.01953	-0.32	0.0	4.4
0.0189	0.01953	-0.4001	0.04	4.797
0.01895	0.0586	-0.32	0.0	4.4
0.019	0.01953	-0.4001	0.04	4.4
0.01905	0.0586	-0.32	0.0	4.797
0.019100000000000002	0.01953	-0.32	0.0	4.797
0.01915	0.0586	-0.4001	0.04	4.4
0.019200000000000002	0.01953	-0.32	0.0	4.797
0.01925	0.0586	-0.4001	0.04	4.4
0.0193	0.0586	-0.32	0.04	4.797
0.019350000000000003	0.01953	-0.4001	0.0	4.4
0.0194	0.01953	-0.4001	0.04	4.4
0.019450000000000002	0.0586	-0.32	0.0	4.797
0.0195	0.01953	-0.4001	0.04	4.797
0.01955	0.0586	-0.32	0.0	4.4
0.0196	0.01953	-0.4001	0.04	4.797
0.01965	0.0586	-0.24	0.0	4.4
0.019700000000000002	0.01953	-0.4001	0.04	4.4
0.01975	0.0586	-0.24	0.0	4.797
0.0198	0.01953	-0.24	0.0	4.4
0.01985	0.0586	-0.4001	0.04	4.797
0.0199	0.0586	-0.24	0.04	4.797
0.019950000000000002	0.01953	-0.32	0.0	4.4
0.02	0.0586	-0.32	0.04	4.4
0.020050000000000002	0.01953	-0.24	0.0	4.797
0.0201	0.01953	-0.24	0.04	4.4
0.02015	0.0586	-0.32	0.0	4.797
0.020200000000000003	0.01953	-0.24	0.04	4.4
0.02025	0.0586	-0.32	0.0	4.797
0.020300000000000002	0.01953	-0.32	0.0	4.4
0.02035	0.0586	-0.24	0.04	4.797
0.0204	0.01953	-0.24	0.04	4.797
0.02045	0.0586	-0.32	0.0	4.4
0.0205	0.01953	-0.24	0.0	4.797
0.020550000000000002	0.0586	-0.32	0.04	4.4
0.0206	0.0586	-0.24	0.04	4.797
0.02065	0.01953	-0.32	0.0	4.4
0.0207	0.01953	-0.32	0.04	4.797
0.02075	0.0586	-0.24	0.0	4.4
0.020800000000000003	0.01953	-0.32	0.0	4.797
0.02085	0.0586	-0.0801	0.04	4.4
0.020900000000000002	0.01953	-0.0801	0.04	4.4
0.02095	0.0586	-0.32	0.0	4.797
0.021	0.01953	-0.0801	0.04	4.4
0.021050000000000003	0.0586	-0.24	0.0	4.797
0.0211	0.01953	-0.1599	0.04	4.797
0.021150000000000002	0.0586	-0.0801	0.0	4.4
0.0212	0.01953	-0.1599	0.04	4.797
0.02125	0.0586	-0.0801	0.0	4.4
0.0213	0.01953	-0.1599	0.04	4.797
0.02135	0.0586	-0.0801	0.0	4.4
0.021400000000000002	0.01953	-0.1599	0.0	4.797
0.02145	0.0586	-0.0801	0.04	4.4
0.021500000000000002	0.01953	-0.0801	0.0	4.797
0.02155	0.0586	-0.1599	0.04	4.4
0.0216	0.01953	-0.1599	0.0	4.4
0.021650000000000003	0.0586	-0.0801	0.04	4.797
0.0217	0.01953	-0.1599	0.0	4.4
0.021750000000000002	0.0586	-0.0801	0.04	4.797
0.0218	0.01953	-0.1599	0.04	4.4
0.02185	0.0586	-0.0801	0.0	4.797
0.0219	0.0586	-0.1599	0.0	4.797
0.02195	0.01953	0.0	0.04	4.4
0.022000000000000002	0.0586	-0.1599	0.0	4.797
0.02205	0.01953	0.0	0.04	4.4
0.0221	0.01953	-0.1599	0.04	4.4
0.02215	0.0586	0.0	0.0	4.797
0.0222	0.01953	0.0	0.04	4.797
0.022250000000000002	0.0586	-0.1599	0.0	4.4
0.0223	0.0586	0.0	0.04	4.4
0.022350000000000002	0.01953	-0.0801	0.0	4.797
0.0224	0.01953	0.0	0.04	4.797
0.02245	0.0586	-0.0801	0.0	4.4
0.022500000000000003	0.01953	0.0	0.04	4.797
0.02255	0.0586	-0.0801	0.0	4.4
0.022600000000000002	0.01953	-0.0801	0.04	4.4
0.02265	0.0586	0.0	0.0	4.797
0.0227	0.01953	0.0	0.04	4.4
0.02275	0.0586	-0.0801	0.0	4.797
0.0228	0.01953	0.0	0.0	4.4
0.022850000000000002	0.0586	-0.0801	0.04	4.797
0.0229	0.01953	0.0	0.04	4.797
0.02295	0.0586	-0.0801	0.0	4.4
0.023	0.0586	-0.0801	0.04	4.4
0.02305	0.01953	0.0	0.0	4.797
0.023100000000000002	0.01953	-0.0801	0.04	4.4
0.02315	0.0586	0.0801	0.0	4.797
0.023200000000000002	0.0586	-0.0801	0.04	4.797
0.02325	0.01953	0.16	0.0	4.4
0.0233	0.01953	-0.0801	0.04	4.797
0.023350000000000003	0.0586	0.16	0.0	4.4
0.0234	0.01953	0.16	0.04	4.4
0.023450000000000002	0.0586	0.0	0.0	4.797
0.0235	0.01953	0.0801	0.0	4.4
0.02355	0.0586	0.16	0.04	4.797
0.0236	0.0586	0.0801	0.04	4.4
0.02365	0.01953	0.16	0.0	4.797
0.023700000000000002	0.01953	0.0801	0.04	4.797
0.02375	0.0586	0.16	0.0	4.4
0.0238	0.0586	0.0801	0.04	4.4
0.02385	0.01953	0.16	0.0	4.797
0.0239	0.01953	0.0801	0.0	4.4
0.023950000000000003	0.0586	0.16	0.04	4.797
0.024	0.01953	0.0801	0.04	4.4
0.024050000000000002	0.0586	0.16	0.0	4.797
0.0241	0.01953	0.0801	0.04	4.4
0.02415	0.0586	0.16	0.0	4.797
0.024200000000000003	0.01953	0.0801	0.04	4.4
0.02425	0.0586	0.16	0.0	4.797
0.024300000000000002	0.0586	0.0801	0.04	4.797
0.02435	0.01953	0.16	0.0	4.4
0.0244	0.01953	0.0801	0.04	4.797
0.02445	0.0586	0.24	0.0	4.4
0.0245	0.01953	0.24	0.04	4.797
0.024550000000000002	0.0586	0.0801	0.0	4.4
0.0246	0.0586	0.24	0.04	4.4
0.024650000000000002	0.01953	0.16	0.0	4.797
0.0247	0.0586	0.24	0.0	4.4
0.02475	0.01953	0.16	0.04	4.797
0.024800000000000003	0.01953	0.24	0.04	4.797
0.02485	0.0586	0.16	0.0	4.4
0.024900000000000002	0.01953	0.24	0.04	4.797
0.02495	0.0586	0.16	0.0	4.4
0.025	0.01953	0.24	0.04	4.4
0.025050000000000003	0.0586	0.16	0.0	4.797
0.0251	0.01953	0.24	0.04	4.797
0.025150000000000002	0.0586	0.16	0.0	4.4
0.0252	0.01953	0.16	0.04	4.797
0.02525	0.0586	0.24	0.0	4.4
0.0253	0.01953	0.24	0.04	4.4
0.02535	0.0586	0.16	0.0	4.797
0.025400000000000002	0.0586	0.24	0.04	4.4
0.02545	0.01953	0.16	0.0	4.797
0.025500000000000002	0.03906	0.24	0.04	4.797
0.02555	0.01953	0.16	0.0	4.4
0.0256	0.01953	0.16	0.0	4.797
0.025650000000000003	0.0586	0.4001	0.04	4.4
0.0257	0.01953	0.16	0.04	4.797
0.025750000000000002	0.0586	0.4001	0.0	4.4
0.0258	0.01953	0.32	0.0	4.797
0.02585	0.0586	0.4001	0.04	4.4
0.025900000000000003	0.01953	0.32	0.04	4.4
0.02595	0.0586	0.4001	0.0	4.797
0.026000000000000002	0.0586	0.32	0.04	4.797
0.02605	0.01953	0.4001	0.0	4.4
0.0261	0.01953	0.4001	0.0	4.797
0.02615	0.0586	0.32	0.04	4.4
0.0262	0.01953	0.32	0.04	4.797
0.026250000000000002	0.0586	0.4001	0.0	4.4
0.0263	0.01953	0.4001	0.04	4.4
0.026350000000000002	0.0586	0.32	0.0	4.797
0.0264	0.01953	0.32	0.0	4.4
0.02645	0.0586	0.4001	0.04	4.797
0.026500000000000003	0.01953	0.4001	0.0	4.797
0.02655	0.0586	0.32	0.04	4.4
0.026600000000000002	0.01953	0.32	0.04	4.797
0.02665	0.0586	0.4001	0.0	4.4
0.0267	0.01953	0.32	0.04	4.4
0.026750000000000003	0.0586	0.48	0.0	4.797
0.0268	0.01953	0.32	0.04	4.4
0.026850000000000002	0.0586	0.48	0.0	4.797
0.0269	0.01953	0.48	0.04	4.797
0.02695	0.0586	0.32	0.0	4.4
0.027	0.01953	0.48	0.04	4.797
0.02705	0.0586	0.32	0.0	4.4
0.027100000000000003	0.0586	0.4001	0.04	4.4
0.02715	0.01953	0.48	0.0	4.797
0.027200000000000002	0.01953	0.48	0.0	4.4
0.02725	0.0586	0.4001	0.04	4.797
0.0273	0.01953	0.48	0.04	4.4
0.027350000000000003	0.0586	0.4001	0.0	4.797
0.0274	0.01953	0.4001	0.04	4.4
0.027450000000000002	0.0586	0.48	0.0	4.797
0.0275	0.01953	0.48	0.04	4.797
0.02755	0.0586	0.4001	0.0	4.4
0.027600000000000003	0.01953	0.48	0.0	4.797
0.02765	0.0586	0.4001	0.04	4.4
0.027700000000000002	0.01953	0.48	0.04	4.4
0.02775	0.0586	0.4001	0.0	4.797
0.027800000000000002	0.01953	0.48	0.04	4.4
0.02785	0.0586	0.4001	0.0	4.797
0.0279	0.01953	0.4001	0.04	4.797
0.027950000000000003	0.0586	0.56	0.0	4.4
0.028	0.01953	0.4001	0.04	4.797
0.028050000000000002	0.0586	0.64	0.0	4.4
0.0281	0.01953	0.4001	0.04	4.4
0.02815	0.0586	0.64	0.0	4.797
0.028200000000000003	0.0586	0.64	0.04	4.4
0.02825	0.01953	0.56	0.0	4.797
0.028300000000000002	0.01953	0.56	0.0	4.4
0.02835	0.0586	0.64	0.04	4.797
0.0284	0.0586	0.56	0.04	4.797
0.028450000000000003	0.01953	0.64	0.0	4.4
0.0285	0.01953	0.56	0.04	4.797
0.028550000000000002	0.0586	0.64	0.0	4.4
0.0286	0.01953	0.64	0.04	4.797
0.028650000000000002	0.0586	0.56	0.0	4.4
0.0287	0.01953	0.56	0.04	4.797
0.02875	0.0586	0.64	0.0	4.4
0.028800000000000003	0.01953	0.56	0.04	4.4
0.02885	0.0586	0.64	0.0	4.797
0.028900000000000002	0.01953	0.64	0.04	4.4
0.02895	0.0586	0.56	0.0	4.797
0.029	0.01953	0.56	0.04	4.797
0.029050000000000003	0.0586	0.64	0.0	4.4
0.0291	0.01953	0.56	0.0	4.4
0.029150000000000002	0.0586	0.72	0.04	4.797
0.0292	0.01953	0.56	0.04	4.4
0.02925	0.0586	0.72	0.0	4.797
0.029300000000000003	0.01953	0.56	0.04	4.797
0.02935	0.0586	0.72	0.0	4.4
0.029400000000000003	0.01953	0.72	0.0	4.4
0.02945	0.0586	0.56	0.04	4.797
0.029500000000000002	0.0586	0.72	0.04	4.4
0.02955	0.01953	0.56	0.0	4.797
0.0296	0.01953	0.72	0.04	4.4
0.029650000000000003	0.0586	0.56	0.0	4.797
0.0297	0.0586	0.72	0.04	4.797
0.029750000000000002	0.01953	0.56	0.0	4.4
0.0298	0.01953	0.72	0.04	4.797
0.02985	0.0586	0.64	0.0	4.4
0.029900000000000003	0.01953	0.64	0.04	4.4
0.02995	0.0586	0.72	0.0	4.797
0.030000000000000002	0.01953	0.64	0.04	4.4
0.03005	0.0586	0.72	0.0	4.797
0.030100000000000002	0.0586	0.72	0.04	4.797
0.03015	0.01953	0.64	0.0	4.4
0.0302	0.01953	0.64	0.0	4.797
0.030250000000000003	0.0586	0.72	0.04	4.4
0.0303	0.01953	0.72	0.04	4.797
0.030350000000000002	0.0586	0.64	0.0	4.4
0.0304	0.01953	0.64	0.04	4.4
0.03045	0.0586	0.8	0.0	4.797
0.030500000000000003	0.0586	0.64	0.04	4.797
0.03055	0.01953	0.88	0.0	4.4
0.030600000000000002	0.01953	0.64	0.04	4.4
0.03065	0.0586	0.88	0.0	4.797
0.0307	0.0586	0.88	0.04	4.797
0.030750000000000003	0.01953	0.64	0.0	4.4
0.0308	0.01953	0.88	0.04	4.4
0.030850000000000002	0.0586	0.72	0.0	4.797
0.0309	0.01953	0.8	0.0	4.797
0.030950000000000002	0.0586	0.88	0.04	4.4
0.031	0.01953	0.88	0.0	4.4
0.03105	0.0586	0.8	0.04	4.797
0.031100000000000003	0.01953	0.8	0.0	4.797
0.03115	0.0586	0.88	0.04	4.4
0.031200000000000002	0.01953	0.8	0.04	4.797
0.03125	0.0586	0.88	0.0	4.4
0.0313	0.01953	0.8	0.04	4.4
0.03135	0.0586	0.88	0.0	4.797
0.031400000000000004	0.01953	0.88	0.04	4.797
0.03145	0.0586	0.8	0.0	4.4
0.0315	0.01953	0.8	0.04	4.797
0.03155	0.0586	0.88	0.0	4.4
0.0316	0.01953	0.8	0.04	4.797
0.031650000000000005	0.0586	0.96	0.0	4.4
0.0317	0.01953	0.8	0.04	4.797
0.03175	0.0586	0.96	0.0	4.4
0.0318	0.01953	0.8	0.0	4.4
0.03185	0.0586	0.96	0.04	4.797
0.031900000000000005	0.01953	0.96	0.0	4.797
0.03195	0.0586	0.88	0.04	4.4
0.032	0.01953	0.96	0.0	4.797
0.03205	0.0586	0.88	0.04	4.4
0.032100000000000004	0.01953	0.88	0.0	4.797
0.032150000000000005	0.0586	0.96	0.04	4.4
0.0322	0.01953	0.96	0.04	4.797
0.03225	0.0586	0.88	0.0	4.4
0.0323	0.01953	0.96	0.04	4.4
0.032350000000000004	0.0586	0.88	0.0	4.797
0.0324	0.01953	0.96	0.04	4.797
0.03245	0.0586	0.88	0.0	4.4
0.0325	0.01953	0.96	0.04	4.4
0.03255	0.0586	0.88	0.0	4.797
0.032600000000000004	0.03906	0.88	0.04	4.4
0.03265	0.01953	0.96	0.0	4.797
0.0327	0.01953	0.96	0.0	4.797
0.03275	0.0586	0.88	0.04	4.4
0.0328	0.01953	0.88	0.04	4.797
0.032850000000000004	0.03906	1.12	0.0	4.4
0.0329	0.01953	0.88	0.0	4.4
0.03295	0.03906	1.12	0.04	4.797
0.033	0.01953	1.12	0.04	4.4
0.03305	0.03906	0.88	0.0	4.797
0.033100000000000004	0.01953	1.04	0.04	4.4
0.03315	0.0586	1.12	0.0	4.797
0.0332	0.0586	1.04	0.0	4.4
0.03325	0.01953	1.12	0.04	4.797
0.0333	0.01953	1.04	0.0	4.4
0.033350000000000005	0.0586	1.12	0.04	4.797
0.0334	0.01953	1.04	0.04	4.4
0.03345	0.0586	1.12	0.0	4.797
0.0335	0.01953	1.04	0.04	4.797
0.03355	0.0586	1.12	0.0	4.4
0.033600000000000005	0.01953	1.04	0.04	4.797
0.03365	0.0586	1.12	0.0	4.4
0.0337	0.01953	1.04	0.04	4.797
0.03375	0.0586	1.12	0.0	4.4
0.033800000000000004	0.01953	1.12	0.0	4.4
0.033850000000000005	0.0586	1.04	0.04	4.797
0.0339	0.01953	1.12	0.04	4.797
0.03395	0.0586	1.04	0.0	4.4
0.034	0.01953	1.04	0.04	4.797
0.034050000000000004	0.0586	1.2	0.0	4.4
0.0341	0.01953	1.04	0.04	4.4
0.03415	0.0586	1.2	0.0	4.797
0.0342	0.01953	1.2	0.04	4.4
0.03425	0.0586	1.04	0.0	4.797
0.034300000000000004	0.01953	1.12	0.04	4.4
0.03435	0.0586	1.2	0.0	4.797
0.0344	0.01953	1.2	0.04	4.4
0.03445	0.0586	1.12	0.0	4.797
0.0345	0.0586	1.2	0.04	4.797
0.034550000000000004	0.01953	1.12	0.0	4.4
0.0346	0.0586	1.2	0.0	4.4
0.03465	0.01953	1.12	0.04	4.797
0.0347	0.01953	1.2	0.04	4.4
0.03475	0.0586	1.12	0.0	4.797
0.034800000000000005	0.01953	1.2	0.04	4.797
0.03485	0.0586	1.12	0.0	4.4
0.0349	0.01953	1.12	0.04	4.4
0.03495	0.0586	1.2	0.0	4.797
0.035	0.01953	1.2	0.04	4.797
0.035050000000000005	0.0586	1.12	0.0	4.4
0.0351	0.01953	1.12	0.04	4.4
0.03515	0.0586	1.28	0.0	4.797
0.0352	0.01953	1.12	0.04	4.797
0.035250000000000004	0.0586	1.36	0.0	4.4
0.035300000000000005	0.01953	1.28	0.04	4.797
0.03535	0.0586	1.36	0.0	4.4
0.0354	0.01953	1.28	0.04	4.4
0.03545	0.0586	1.36	0.0	4.797
0.035500000000000004	0.01953	1.28	0.04	4.797
0.03555	0.0586	1.36	0.0	4.4
0.0356	0.01953	1.28	0.0	4.4
0.03565	0.0586	1.36	0.04	4.797
0.0357	0.01953	1.28	0.04	4.797
0.035750000000000004	0.0586	1.36	0.0	4.4
0.0358	0.01953	1.28	0.04	4.4
0.03585	0.0586	1.36	0.0	4.797
0.0359	0.01953	1.28	0.04	4.4
0.03595	0.0586	1.36	0.0	4.797
0.036000000000000004	0.01953	1.28	0.0	4.4
0.03605	0.0586	1.36	0.04	4.797
0.0361	0.01953	1.28	0.04	4.797
0.03615	0.0586	1.36	0.0	4.4
0.0362	0.01953	1.28	0.04	4.797
0.036250000000000004	0.0586	1.36	0.0	4.4
0.0363	0.01953	1.28	0.04	4.797
0.03635	0.0586	1.36	0.0	4.4
0.0364	0.01953	1.28	0.04	4.797
0.03645	0.0586	1.44	0.0	4.4
0.036500000000000005	0.01953	1.44	0.0	4.4
0.03655	0.0586	1.28	0.04	4.797
0.0366	0.01953	1.44	0.04	4.797
0.03665	0.0586	1.36	0.0	4.4
0.0367	0.01953	1.44	0.0	4.4
0.036750000000000005	0.0586	1.36	0.04	4.797
0.0368	0.01953	1.44	0.04	4.797
0.03685	0.0586	1.36	0.0	4.4
0.0369	0.01953	1.44	0.04	4.4
0.036950000000000004	0.0586	1.36	0.0	4.797
0.037000000000000005	0.01953	1.36	0.04	4.4
0.03705	0.0586	1.44	0.0	4.797
0.0371	0.01953	1.36	0.0	4.797
0.03715	0.0586	1.44	0.04	4.4
0.037200000000000004	0.01953	1.44	0.04	4.4
0.03725	0.0586	1.36	0.0	4.797
0.0373	0.01953	1.44	0.0	4.4
0.03735	0.0586	1.36	0.04	4.797
0.0374	0.01953	1.44	0.04	4.797
0.037450000000000004	0.0586	1.36	0.0	4.4
0.0375	0.01953	1.36	0.04	4.797
0.03755	0.0586	1.5205	0.0	4.4
0.0376	0.01953	1.36	0.0	4.797
0.03765	0.0586	1.601	0.04	4.4
0.037700000000000004	0.01953	1.36	0.04	4.4
0.03775	0.0586	1.601	0.0	4.797
0.0378	0.01953	1.601	0.04	4.4
0.03785	0.0586	1.36	0.0	4.797
0.0379	0.01953	1.601	0.04	4.797
0.037950000000000005	0.0586	1.44	0.0	4.4
0.038	0.0586	1.601	0.04	4.4
0.03805	0.01953	1.36	0.0	4.797
0.0381	0.01953	1.5205	0.0	4.797
0.03815	0.0586	1.601	0.04	4.4
0.038200000000000005	0.01953	1.5205	0.0	4.797
0.03825	0.0586	1.601	0.04	4.4
0.0383	0.01953	1.5205	0.04	4.4
0.03835	0.0586	1.601	0.0	4.797
0.038400000000000004	0.01953	1.5205	0.0	4.797
0.038450000000000005	0.0586	1.601	0.04	4.4
0.0385	0.01953	1.601	0.0	4.4
0.03855	0.0586	1.5205	0.04	4.797
0.0386	0.01953	1.5205	0.04	4.4
0.038650000000000004	0.0586	1.601	0.0	4.797
0.038700000000000005	0.01953	1.5205	0.0	4.4
0.03875	0.0586	1.601	0.04	4.797
0.0388	0.0586	1.5205	0.04	4.4
0.03885	0.01953	1.681	0.0	4.797
0.038900000000000004	0.0586	1.5205	0.0	4.797
0.03895	0.01953	1.681	0.04	4.4
0.039	0.01953	1.681	0.04	4.797
0.03905	0.0586	1.5205	0.0	4.4
0.0391	0.01953	1.681	0.04	4.797
0.039150000000000004	0.0586	1.601	0.0	4.4
0.0392	0.0586	1.601	0.0	4.4
0.03925	0.01953	1.681	0.04	4.797
0.0393	0.01953	1.681	0.04	4.4
0.03935	0.0586	1.601	0.0	4.797
0.039400000000000004	0.0586	1.681	0.0	4.4
0.03945	0.01953	1.601	0.04	4.797
0.0395	0.01953	1.681	0.04	4.797
0.03955	0.0586	1.601	0.0	4.4
0.0396	0.01953	1.601	0.0	4.797
0.039650000000000005	0.0586	1.681	0.04	4.4
0.0397	0.01953	1.601	0.0	4.797
0.03975	0.0586	1.681	0.04	4.4
0.0398	0.01953	1.681	0.0	4.4
0.039850000000000003	0.0586	1.601	0.04	4.797
0.039900000000000005	0.01953	1.601	0.04	4.4
0.03995	0.0586	1.681	0.0	4.797
0.04	0.01953	1.601	0.04	4.797
0.04005	0.0586	1.841	0.0	4.4
0.040100000000000004	0.01953	1.601	0.04	4.4
0.040150000000000005	0.0586	1.841	0.0	4.797
0.0402	0.01953	1.841	0.04	4.797
0.04025	0.0586	1.601	0.0	4.4
0.0403	0.01953	1.841	0.0	4.4
0.040350000000000004	0.0586	1.761	0.04	4.797
0.040400000000000005	0.01953	1.761	0.04	4.797
0.04045	0.0586	1.841	0.0	4.4
0.0405	0.01953	1.841	0.04	4.4
0.04055	0.0586	1.761	0.0	4.797
0.040600000000000004	0.01953	1.761	0.04	4.797
0.04065	0.0586	1.841	0.0	4.4
0.0407	0.01953	1.761	0.04	4.4
0.04075	0.0586	1.841	0.0	4.797
0.0408	0.01953	1.761	0.04	4.797
0.040850000000000004	0.0586	1.841	0.0	4.4
0.0409	0.01953	1.761	0.04	4.4
0.04095	0.0586	1.841	0.0	4.797
0.041	0.01953	1.761	0.04	4.4
0.04105	0.0586	1.841	0.0	4.797
0.041100000000000005	0.0586	1.761	0.0	4.4
0.04115	0.01953	1.841	0.04	4.797
0.0412	0.01953	1.761	0.04	4.4
0.04125	0.0586	1.921	0.0	4.797
0.0413	0.01953	1.761	0.04	4.4
0.041350000000000005	0.0586	1.921	0.0	4.797
0.0414	0.01953	1.841	0.04	4.797
0.04145	0.0586	1.921	0.0	4.4
0.0415	0.01953	1.841	0.0	4.797
0.041550000000000004	0.0586	1.921	0.04	4.4
0.041600000000000005	0.01953	1.841	0.04	4.797
0.04165	0.0586	1.921	0.0	4.4
0.0417	0.0586	1.921	0.04	4.797
0.04175	0.01953	1.841	0.0	4.4
0.041800000000000004	0.01953	1.841	0.04	4.4
0.041850000000000005	0.0586	1.921	0.0	4.797
0.0419	0.01953	1.921	0.04	4.4
0.04195	0.0586	1.841	0.0	4.797
0.042	0.01953	1.921	0.04	4.797
0.042050000000000004	0.0586	1.841	0.0	4.4
0.042100000000000005	0.01953	1.841	0.04	4.797
0.04215	0.0586	1.921	0.0	4.4
0.0422	0.01953	1.841	0.04	4.4
0.04225	0.0586	1.921	0.0	4.797
0.042300000000000004	0.01953	1.841	0.0	4.4
0.04235	0.0586	1.921	0.04	4.797
0.0424	0.01953	1.841	0.0	4.4
0.04245	0.0586	2.08	0.04	4.797
0.0425	0.01953	1.841	0.0	4.797
0.042550000000000004	0.0586	2.08	0.04	4.4
0.0426	0.01953	2.0	0.0	4.797
0.04265	0.0586	2.08	0.04	4.4
0.0427	0.01953	2.0	0.04	4.4
0.04275	0.0586	2.08	0.0	4.797
0.042800000000000005	0.01953	2.0	0.04	4.797
0.04285	0.0586	2.08	0.0	4.4
0.0429	0.01953	2.0	0.04	4.797
0.04295	0.0586	2.08	0.0	4.4
0.043000000000000003	0.01953	2.0	0.04	4.4
0.043050000000000005	0.0586	2.08	0.0	4.797
0.0431	0.01953	2.0	0.0	4.797
0.04315	0.0586	2.08	0.04	4.4
0.0432	0.01953	2.0	0.04	4.4
0.043250000000000004	0.0586	2.08	0.0	4.797
0.043300000000000005	0.01953	2.0	0.04	4.4
0.04335	0.0586	2.08	0.0	4.797
0.0434	0.01953	2.08	0.04	4.4
0.04345	0.0586	2.0	0.0	4.797
0.043500000000000004	0.01953	2.0	0.04	4.4
0.043550000000000005	0.0586	2.08	0.0	4.797
0.0436	0.01953	2.0	0.0	4.4
0.04365	0.0586	2.16	0.04	4.797
0.0437	0.01953	2.0	0.04	4.797
0.043750000000000004	0.0586	2.16	0.0	4.4
0.0438	0.01953	2.08	0.04	4.4
0.04385	0.0586	2.16	0.0	4.797
0.0439	0.01953	2.08	0.04	4.4
0.04395	0.0586	2.16	0.0	4.797
0.044000000000000004	0.01953	2.16	0.0	4.797
0.04405	0.0586	2.08	0.04	4.4
0.0441	0.01953	2.16	0.04	4.797
0.04415	0.0586	2.08	0.0	4.4
0.0442	0.01953	2.16	0.0	4.4
0.044250000000000005	0.0586	2.08	0.04	4.797
0.0443	0.0586	2.16	0.04	4.4
0.04435	0.01953	2.08	0.0	4.797
0.0444	0.01953	2.08	0.04	4.4
0.04445	0.0586	2.16	0.0	4.797
0.044500000000000005	0.01953	2.08	0.04	4.4
0.04455	0.0586	2.16	0.0	4.797
0.0446	0.01953	2.08	0.04	4.797
0.04465	0.0586	2.16	0.0	4.4
0.044700000000000004	0.01953	2.08	0.04	4.797
0.044750000000000005	0.0586	2.16	0.0	4.4
0.0448	0.01953	2.08	0.04	4.4
0.04485	0.0586	2.24	0.0	4.797
0.0449	0.01953	2.08	0.04	4.4
0.044950000000000004	0.0586	2.32	0.0	4.797
0.045000000000000005	0.0586	2.24	0.04	4.4
0.04505	0.01953	2.32	0.0	4.797
0.0451	0.01953	2.24	0.04	4.4
0.04515	0.0586	2.32	0.0	4.797
0.045200000000000004	0.01953	2.24	0.0	4.4
0.045250000000000005	0.0586	2.32	0.04	4.797
0.0453	0.01953	2.24	0.04	4.797
0.04535	0.0586	2.32	0.0	4.4
0.0454	0.0586	2.24	0.04	4.4
0.045450000000000004	0.01953	2.32	0.0	4.797
0.0455	0.01953	2.24	0.04	4.4
0.04555	0.0586	2.32	0.0	4.797
0.0456	0.01953	2.24	0.0	4.4
0.04565	0.0586	2.32	0.04	4.797
0.045700000000000005	0.01953	2.24	0.0	4.797
0.04575	0.0586	2.32	0.04	4.4
0.0458	0.01953	2.32	0.04	4.797
0.04585	0.0586	2.24	0.0	4.4
0.0459	0.01953	2.24	0.04	4.797
0.045950000000000005	0.0586	2.32	0.0	4.4
0.046	0.01953	2.32	0.0	4.797
0.04605	0.0586	2.24	0.04	4.4
0.0461	0.01953	2.4	0.04	4.4
0.046150000000000004	0.0586	2.24	0.0	4.797
0.046200000000000005	0.01953	2.32	0.0	4.797
0.04625	0.0586	2.4	0.04	4.4
0.0463	0.01953	2.32	0.04	4.797
0.04635	0.0586	2.4	0.0	4.4
0.046400000000000004	0.01953	2.32	0.04	4.797
0.046450000000000005	0.0586	2.4	0.0	4.4
0.0465	0.01953	2.32	0.0	4.797
0.04655	0.0586	2.4	0.04	4.4
0.0466	0.01953	2.4	0.04	4.4
0.046650000000000004	0.0586	2.32	0.0	4.797
0.046700000000000005	0.01953	2.4	0.04	4.4
0.04675	0.0586	2.32	0.0	4.797
0.0468	0.01953	2.32	0.04	4.4
0.04685	0.0586	2.4	0.0	4.797
0.046900000000000004	0.03906	2.32	0.04	4.4
0.046950000000000006	0.01953	2.4	0.0	4.797
0.047	0.01953	2.32	0.0	4.4
0.04705	0.0586	2.4	0.04	4.797
0.0471	0.01953	2.32	0.0	4.797
0.047150000000000004	0.0586	2.4	0.04	4.4
0.0472	0.01953	2.32	0.04	4.4
0.04725	0.0586	2.56	0.0	4.797
0.0473	0.01953	2.56	0.0	4.797
0.04735	0.0586	2.32	0.04	4.4
0.047400000000000005	0.01953	2.56	0.04	4.4
0.04745	0.0586	2.48	0.0	4.797
0.0475	0.01953	2.56	0.04	4.4
0.04755	0.0586	2.32	0.0	4.797
0.0476	0.01953	2.48	0.0	4.797
0.047650000000000005	0.0586	2.56	0.04	4.4
0.0477	0.01953	2.48	0.04	4.4
0.04775	0.0586	2.56	0.0	4.797
0.0478	0.01953	2.48	0.04	4.4
0.047850000000000004	0.0586	2.56	0.0	4.797
0.047900000000000005	0.01953	2.48	0.04	4.4
0.04795	0.0586	2.56	0.0	4.797
0.048	0.01953	2.48	0.0	4.797
0.04805	0.03906	2.56	0.04	4.4
0.048100000000000004	0.03906	2.48	0.04	4.4
0.048150000000000005	0.01953	2.56	0.0	4.797
0.0482	0.01953	2.48	0.04	4.4
0.04825	0.0586	2.56	0.0	4.797
0.0483	0.01953	2.48	0.04	4.797
0.048350000000000004	0.0586	2.56	0.0	4.4
0.048400000000000006	0.0586	2.48	0.04	4.4
0.04845	0.01953	2.64	0.0	4.797
0.0485	0.01953	2.48	0.04	4.4
0.04855	0.0586	2.64	0.0	4.797
0.048600000000000004	0.0586	2.64	0.0	4.797
0.048650000000000006	0.01953	2.48	0.04	4.4
0.0487	0.01953	2.64	0.0	4.4
0.04875	0.0586	2.56	0.04	4.797
0.0488	0.01953	2.64	0.04	4.797
0.048850000000000005	0.03906	2.56	0.0	4.4
0.0489	0.01953	2.64	0.04	4.797
0.04895	0.0586	2.56	0.0	4.4
0.049	0.01953	2.64	0.04	4.4
0.04905	0.0586	2.56	0.0	4.797
0.049100000000000005	0.03906	2.64	0.04	4.4
0.04915	0.01953	2.56	0.0	4.797
0.0492	0.01953	2.64	0.04	4.797
0.04925	0.0586	2.56	0.0	4.4
0.049300000000000004	0.01953	2.56	0.04	4.4
0.049350000000000005	0.0586	2.64	0.0	4.797
0.0494	0.01953	2.56	0.04	4.4
0.04945	0.0586	2.64	0.0	4.797
0.0495	0.01953	2.64	0.04	4.797
0.049550000000000004	0.0586	2.56	0.0	4.4
0.049600000000000005	0.01953	2.56	0.04	4.797
0.04965	0.0586	2.72	0.0	4.4
0.0497	0.01953	2.56	0.04	4.797
0.04975	0.0586	2.8	0.0	4.4
0.049800000000000004	0.01953	2.64	0.04	4.797
0.049850000000000005	0.0586	2.8	0.0	4.4
0.0499	0.01953	2.72	0.04	4.4
0.04995	0.0586	2.8	0.0	4.797
0.05	0.01953	2.72	0.04	4.4
0.050050000000000004	0.0586	2.8	0.0	4.797
0.050100000000000006	0.01953	2.72	0.04	4.4
0.05015	0.0586	2.8	0.0	4.797
0.0502	0.01953	2.72	0.04	4.4
0.05025	0.0586	2.8	0.0	4.797
0.050300000000000004	0.01953	2.8	0.04	4.797
0.050350000000000006	0.0586	2.72	0.0	4.4
0.0504	0.01953	2.72	0.0	4.797
0.05045	0.0586	2.8	0.04	4.4
0.0505	0.01953	2.72	0.0	4.797
0.050550000000000005	0.0586	2.8	0.04	4.4
0.0506	0.01953	2.8	0.0	4.797
0.05065	0.0586	2.72	0.04	4.4
0.0507	0.01953	2.72	0.04	4.797
0.05075	0.0586	2.8	0.0	4.4
0.050800000000000005	0.01953	2.72	0.04	4.797
0.05085	0.0586	2.88	0.0	4.4
0.0509	0.01953	2.88	0.04	4.4
0.05095	0.0586	2.72	0.0	4.797
0.051000000000000004	0.01953	2.8	0.04	4.4
0.051050000000000005	0.0586	2.88	0.0	4.797
0.0511	0.01953	2.88	0.04	4.797
0.05115	0.0586	2.8	0.0	4.4
0.0512	0.01953	2.8	0.0	4.4
0.051250000000000004	0.0586	2.88	0.04	4.797
0.051300000000000005	0.01953	2.88	0.0	4.4
0.05135	0.0586	2.8	0.12	4.797
0.0514	0.01953	2.8	0.04	4.4
0.05145	0.0586	2.88	0.0	4.797
0.051500000000000004	0.01953	2.88	0.0	4.4
0.051550000000000006	0.0586	2.8	0.04	4.797
0.0516	0.0586	2.88	0.0	4.797
0.05165	0.01953	2.8	0.04	4.4
0.0517	0.01953	2.8	0.0	4.4
0.051750000000000004	0.0586	2.88	0.04	4.797
0.051800000000000006	0.01953	2.88	0.04	4.4
0.05185	0.0586	2.8	0.0	4.797
0.0519	0.01953	2.88	0.04	4.4
0.05195	0.0586	2.8	0.0	4.797
0.052000000000000005	0.01953	2.88	0.0	4.4
0.05205	0.0586	2.8	0.04	4.797
0.0521	0.01953	2.8	0.04	4.4
0.05215	0.0586	3.041	0.0	4.797
0.0522	0.01953	2.8	0.04	4.4
0.052250000000000005	0.0586	3.041	0.0	4.797
0.0523	0.01953	3.041	0.04	4.4
0.05235	0.0586	2.88	0.0	4.797
0.0524	0.01953	2.96	0.04	4.797
0.052450000000000004	0.0586	3.041	0.0	4.4
0.052500000000000005	0.0586	2.96	0.04	4.4
0.05255	0.01953	3.041	0.0	4.797
0.0526	0.01953	2.96	0.0	4.797
0.05265	0.0586	3.041	0.04	4.4
0.052700000000000004	0.01953	2.96	0.0	4.797
0.052750000000000005	0.0586	3.041	0.04	4.4
0.0528	0.01953	2.96	0.0	4.797
0.05285	0.0586	3.041	0.04	4.4
0.0529	0.0586	2.96	0.04	4.797
0.052950000000000004	0.01953	3.041	0.0	4.4
0.053000000000000005	0.01953	2.96	0.04	4.797
0.05305	0.0586	3.041	0.0	4.4
0.0531	0.01953	2.96	0.0	4.4
0.05315	0.0586	3.041	0.04	4.797
0.053200000000000004	0.01953	2.96	0.04	4.4
0.053250000000000006	0.0586	3.121	0.0	4.797
0.0533	0.01953	2.96	0.04	4.4
0.05335	0.0586	3.121	0.0	4.797
0.0534	0.01953	3.121	0.04	4.4
0.053450000000000004	0.0586	2.96	0.0	4.797
0.053500000000000006	0.01953	3.121	0.04	4.4
0.05355	0.0586	3.041	0.0	4.797
0.0536	0.0586	3.121	0.04	4.4
0.05365	0.01953	3.041	0.0	4.797
0.053700000000000005	0.01953	3.041	0.0	4.4
0.05375	0.0586	3.121	0.04	4.797
0.0538	0.01953	3.121	0.04	4.4
0.05385	0.0586	3.041	0.0	4.797
0.0539	0.0586	3.121	0.04	4.4
0.053950000000000005	0.01953	3.041	0.0	4.797
0.054	0.01953	3.121	0.04	4.797
0.05405	0.0586	3.041	0.0	4.4
0.0541	0.0586	3.121	0.04	4.4
0.054150000000000004	0.01953	3.041	0.0	4.797
0.054200000000000005	0.01953	3.121	0.04	4.797
0.05425	0.0586	3.041	0.0	4.4
0.0543	0.0586	3.121	0.04	4.797
0.05435	0.01953	3.041	0.0	4.4
0.054400000000000004	0.01953	3.041	0.04	4.797
0.054450000000000005	0.0586	3.121	0.0	4.4
0.0545	0.01953	3.041	0.04	4.4
0.05455	0.0586	3.281	0.0	4.797
0.0546	0.01953	3.281	0.04	4.4
0.054650000000000004	0.0586	3.041	0.0	4.797
0.054700000000000006	0.01953	3.041	0.0	4.4
0.05475	0.0586	3.281	0.04	4.797
0.0548	0.01953	3.201	0.0	4.797
0.05485	0.0586	3.281	0.04	4.4
0.054900000000000004	0.01953	3.201	0.04	4.797
0.054950000000000006	0.0586	3.281	0.0	4.4
0.055	0.01953	3.201	0.04	4.4
0.05505	0.0586	3.281	0.0	4.797
0.0551	0.01953	3.201	0.04	4.4
0.055150000000000005	0.0586	3.281	0.0	4.797
0.055200000000000006	0.01953	3.201	0.04	4.4
0.05525	0.0586	3.281	0.0	4.797
0.0553	0.01953	3.201	0.04	4.797
0.05535	0.0586	3.281	0.0	4.4
0.055400000000000005	0.01953	3.201	0.04	4.4
0.05545	0.0586	3.281	0.0	4.797
0.0555	0.01953	3.201	0.04	4.797
0.05555	0.0586	3.281	0.0	4.4
0.055600000000000004	0.0586	3.201	0.04	4.4
0.055650000000000005	0.01953	3.361	0.0	4.797
0.0557	0.01953	3.201	0.0	4.4
0.05575	0.0586	3.361	0.04	4.797
0.0558	0.01953	3.361	0.04	4.797
0.055850000000000004	0.0586	3.201	0.0	4.4
0.055900000000000005	0.01953	3.361	0.0	4.797
0.05595	0.0586	3.201	0.04	4.4
0.056	0.0586	3.361	0.0	4.797
0.05605	0.01953	3.281	0.04	4.4
0.056100000000000004	0.01953	3.361	0.0	4.797
0.056150000000000005	0.0586	3.281	0.04	4.4
0.0562	0.01953	3.361	0.04	4.4
0.05625	0.0586	3.281	0.0	4.797
0.0563	0.01953	3.361	0.0	4.797
0.056350000000000004	0.0586	3.281	0.04	4.4
0.056400000000000006	0.01953	3.361	0.04	4.4
0.05645	0.0586	3.281	0.0	4.797
0.0565	0.01953	3.281	0.04	4.797
0.05655	0.0586	3.361	0.0	4.4
0.056600000000000004	0.01953	3.361	0.04	4.4
0.056650000000000006	0.0586	3.281	0.0	4.797
0.0567	0.0586	3.281	0.04	4.797
0.05675	0.01953	3.361	0.0	4.4
0.0568	0.01953	3.361	0.04	4.4
0.056850000000000005	0.0586	3.281	0.0	4.797
0.056900000000000006	0.01953	3.281	0.04	4.4
0.05695	0.0586	3.521	0.0	4.797
0.057	0.01953	3.521	0.0	4.797
0.057050000000000003	0.0586	3.281	0.04	4.4
0.057100000000000005	0.01953	3.441	0.0	4.797
0.05715	0.0586	3.521	0.04	4.4
0.0572	0.01953	3.441	0.0	4.797
0.05725	0.0586	3.521	0.04	4.4
0.057300000000000004	0.01953	3.441	0.04	4.4
0.057350000000000005	0.0586	3.521	0.0	4.797
0.0574	0.01953	3.441	0.0	4.4
0.05745	0.0586	3.521	0.04	4.797
0.0575	0.01953	3.441	0.0	4.4
0.057550000000000004	0.0586	3.521	0.04	4.797
0.057600000000000005	0.01953	3.441	0.04	4.4
0.05765	0.0586	3.521	0.0	4.797
0.0577	0.01953	3.441	0.0	4.4
0.05775	0.0586	3.521	0.04	4.797
0.057800000000000004	0.01953	3.441	0.04	4.4
0.057850000000000006	0.0586	3.521	0.0	4.797
0.0579	0.01953	3.441	0.04	4.797
0.05795	0.0586	3.521	0.0	4.4
0.058	0.01953	3.441	0.04	4.4
0.058050000000000004	0.0586	3.521	0.0	4.797
0.058100000000000006	0.01953	3.441	0.04	4.797
0.05815	0.0586	3.602	0.0	4.4
0.0582	0.01953	3.602	0.04	4.797
0.05825	0.0586	3.441	0.0	1.199
0.058300000000000005	0.01953	3.602	0.0	0.0
0.058350000000000006	0.0586	3.441	0.04	-5.2
0.0584	0.01953	3.602	0.0	-5.2
0.05845	0.0586	3.441	0.04	-5.2
0.0585	0.01953	3.441	0.04	-5.2
0.058550000000000005	0.0586	3.602	0.0	-5.598
0.058600000000000006	0.01953	3.441	0.04	-5.2
0.05865	0.0586	3.521	0.0	-5.598
0.0587	0.01953	3.441	0.04	-5.2
0.058750000000000004	0.0586	3.521	0.0	-5.598
0.058800000000000005	0.0586	3.441	0.04	-5.2
0.05885	0.01953	3.521	0.0	-5.598
0.0589	0.01953	3.441	0.04	-5.2
0.05895	0.0586	3.521	0.0	-5.598
0.059000000000000004	0.01953	3.441	0.04	-5.2
0.059050000000000005	0.0586	3.521	0.0	-5.2
0.0591	0.01953	3.441	0.04	-5.2
0.05915	0.0586	3.521	0.0	-5.2
0.0592	0.01953	3.441	0.0	-5.2
0.059250000000000004	0.0586	3.521	0.04	-5.598
0.059300000000000005	0.01953	3.521	0.04	-5.2
0.05935	0.0586	3.441	0.0	-5.2
0.0594	0.01953	3.441	0.0	-5.2
0.05945	0.0586	3.521	0.04	-5.2
0.059500000000000004	0.01953	3.441	0.0	-5.2
0.059550000000000006	0.0586	3.521	0.04	-5.598
0.0596	0.01953	3.521	0.04	-5.2
0.05965	0.0586	3.281	0.0	-5.598
0.0597	0.01953	3.281	0.04	-5.2
0.059750000000000004	0.0586	3.521	0.0	-5.598
0.059800000000000006	0.01953	3.361	0.04	-5.2
0.05985	0.0586	3.281	0.0	-5.598
0.0599	0.01953	3.361	0.04	-5.2
0.05995	0.0586	3.281	0.0	-5.598
