seconds_pre_waveform_query	1729623670.2207785
seconds_post_waveform_query	1729623670.2677612
xzero1	0
xmultiplier1	5e-05
yzero1	1.3800000000000001
ymultiplier1	0.02
transfer_duty_cycle	1.0
xzero2	0
xmultiplier2	5e-05
yzero2	0.32
ymultiplier2	0.08
xzero3	0
xmultiplier3	5e-05
yzero3	-0.74
ymultiplier3	0.02
xzero4	0
xmultiplier4	5e-05
yzero4	-0.0
ymultiplier4	0.388
/sillyscope/VISA/Device	'USB0::0x1AB1::0x04CE::DS1ZA204719905::INSTR'
/sillyscope/Acquire/Iterations	0
/sillyscope/Acquire/Trigger	False
/sillyscope/Acquire/Get_First_Header	True
/sillyscope/Acquire/Get_All_Headers	True
/sillyscope/Acquire/Discard_Identical	False
/sillyscope/Acquire/RIGOL1000BDE/Trigger_Delay	0.05
/sillyscope/Acquire/RIGOL1000BDE/Unlock	True
/sillyscope/Acquire/RIGOL1000Z/Always_Clear	True
DataboxPlot_Note	'Note'
self.combo_binary	0
self.combo_autoscript	1
self.button_enabled	True
self.button_multi	True
self.button_link_x	True
self.button_script	False
self.number_file	0
self.script	"x = ( d[0] )\ny = ( d[1], d[2], d[3], d[4] )\n\nxlabels = 'x'\nylabels = ( 'y1', 'y2', 'y3', 'y4' )\n"
self.number_history	0
self.text_log_note	'Note'

x	y1	y2	y3	y4
0.0	1.58	1.5205	0.88	5.043
5e-05	1.62	1.601	0.8203	4.656
0.0001	1.58	1.601	0.88	4.656
0.00015000000000000001	1.62	1.5205	0.8203	5.043
0.0002	1.58	1.5205	0.88	5.043
0.00025	1.62	1.601	0.84	4.656
0.00030000000000000003	1.58	1.601	0.88	4.656
0.00035	1.62	1.5205	0.8203	5.043
0.0004	1.58	1.5205	0.88	5.043
0.00045000000000000004	1.62	1.681	0.8203	4.656
0.0005	1.58	1.681	0.88	5.043
0.00055	1.62	1.5205	0.8203	4.656
0.0006000000000000001	1.58	1.681	0.88	4.656
0.0006500000000000001	1.62	1.601	0.8203	5.043
0.0007	1.58	1.601	0.88	4.656
0.00075	1.62	1.681	0.84	5.043
0.0008	1.58	1.681	0.84	4.656
0.0008500000000000001	1.62	1.601	0.88	5.043
0.0009000000000000001	1.58	1.681	0.8203	5.043
0.00095	1.62	1.601	0.88	-0.388
0.001	1.58	1.681	0.88	-0.776
0.0010500000000000002	1.62	1.601	0.8203	-5.43
0.0011	1.58	1.601	0.88	-5.43
0.00115	1.62	1.681	0.84	-5.043
0.0012000000000000001	1.58	1.681	0.88	-5.43
0.00125	1.6	1.601	0.8203	-5.043
0.0013000000000000002	1.6	1.601	0.88	-5.43
0.00135	1.58	1.681	0.8203	-5.043
0.0014	1.6	1.681	0.88	-5.43
0.0014500000000000001	1.58	1.5205	0.8203	-5.043
0.0015	1.58	1.681	0.8203	-5.43
0.0015500000000000002	1.62	1.5205	0.88	-5.043
0.0016	1.58	1.5205	0.8203	-5.43
0.00165	1.62	1.601	0.88	-5.043
0.0017000000000000001	1.58	1.601	0.84	-5.43
0.00175	1.6	1.5205	0.8203	-5.043
0.0018000000000000002	1.58	1.5205	0.84	-5.43
0.00185	1.6	1.601	0.8203	-5.043
0.0019	1.58	1.5205	0.84	-5.043
0.0019500000000000001	1.62	1.601	0.8203	-5.43
0.002	1.58	1.5205	0.84	-5.43
0.00205	1.62	1.601	0.8203	-5.043
0.0021000000000000003	1.58	1.5205	0.84	-5.43
0.00215	1.6	1.601	0.8	-5.043
0.0022	1.6	1.5205	0.84	-5.043
0.0022500000000000003	1.58	1.601	0.8	-5.43
0.0023	1.58	1.5205	0.84	-5.43
0.00235	1.6	1.601	0.8	-5.043
0.0024000000000000002	1.58	1.5205	0.8	-5.43
0.00245	1.6	1.601	0.84	-5.043
0.0025	1.58	1.5205	0.8	-5.043
0.00255	1.6	1.601	0.84	-5.43
0.0026000000000000003	1.6	1.601	0.8	-5.43
0.00265	1.58	1.36	0.84	-5.043
0.0027	1.6	1.5205	0.84	-5.043
0.0027500000000000003	1.58	1.601	0.8	-5.43
0.0028	1.58	1.601	0.8	-5.43
0.00285	1.6	1.36	0.84	-5.043
0.0029000000000000002	1.58	1.601	0.8	-5.43
0.00295	1.6	1.44	0.84	-5.043
0.003	1.58	1.601	0.8203	-5.43
0.00305	1.6	1.36	0.8	-5.043
0.0031000000000000003	1.58	1.36	0.8203	-5.43
0.00315	1.6	1.601	0.8	-5.043
0.0032	1.58	1.44	0.8	-5.43
0.0032500000000000003	1.6	1.36	0.8203	-5.043
0.0033	1.58	1.44	0.8203	-5.43
0.00335	1.6	1.36	0.8	-5.043
0.0034000000000000002	1.58	1.44	0.8203	-5.43
0.0034500000000000004	1.6	1.36	0.8	-5.043
0.0035	1.6	1.36	0.8203	-5.043
0.00355	1.58	1.44	0.8	-5.43
0.0036000000000000003	1.58	1.44	0.8203	-5.43
0.00365	1.6	1.36	0.76	-5.043
0.0037	1.58	1.44	0.8203	-5.43
0.0037500000000000003	1.6	1.36	0.76	-5.043
0.0038	1.58	1.44	0.8203	-5.43
0.00385	1.6	1.36	0.7803	-5.043
0.0039000000000000003	1.58	1.36	0.76	-5.43
0.00395	1.6	1.44	0.8203	-5.043
0.004	1.6	1.44	0.8203	-5.43
0.00405	1.58	1.36	0.76	-5.043
0.0041	1.6	1.36	0.76	-5.043
0.00415	1.58	1.44	0.8203	-5.43
0.004200000000000001	1.58	1.44	0.7803	-5.043
0.00425	1.6	1.36	0.76	-5.43
0.0043	1.6	1.44	0.7803	-5.043
0.004350000000000001	1.58	1.36	0.76	-5.43
0.0044	1.6	1.36	0.7803	-5.43
0.00445	1.58	1.44	0.76	-5.043
0.0045000000000000005	1.6	1.44	0.7803	-5.43
0.00455	1.58	1.28	0.76	-5.043
0.0046	1.6	1.44	0.7803	-5.43
0.0046500000000000005	1.58	1.28	0.76	-5.043
0.0047	1.58	1.36	0.7803	-5.043
0.00475	1.6	1.28	0.74	-5.43
0.0048000000000000004	1.58	1.28	0.7803	-5.43
0.00485	1.6	1.36	0.74	-5.043
0.0049	1.58	1.28	0.74	-5.43
0.00495	1.6	1.36	0.7803	-5.043
0.005	1.58	1.28	0.7803	-5.043
0.005050000000000001	1.6	1.36	0.74	-5.43
0.0051	1.58	1.28	0.74	-5.043
0.00515	1.6	1.36	0.7803	-5.43
0.005200000000000001	1.6	1.28	0.74	-5.43
0.00525	1.54	1.36	0.76	-5.043
0.0053	1.6	1.28	0.74	-5.43
0.005350000000000001	1.54	1.36	0.76	-5.043
0.0054	1.6	1.28	0.76	-5.43
0.00545	1.54	1.36	0.74	-5.043
0.0055000000000000005	1.6	1.28	0.76	-5.43
0.00555	1.54	1.36	0.7197	-5.043
0.0056	1.58	1.28	0.76	-5.43
0.0056500000000000005	1.54	1.36	0.7	-5.043
0.0057	1.56	1.36	0.7	-5.043
0.00575	1.54	1.28	0.74	-5.43
0.0058000000000000005	1.56	1.28	0.7197	-5.43
0.00585	1.54	1.36	0.7	-5.043
0.0059	1.56	1.28	0.7197	-5.43
0.00595	1.54	1.36	0.6797	-5.043
0.006	1.56	1.36	0.7197	-5.043
0.006050000000000001	1.54	1.28	0.6797	-5.43
0.0061	1.56	1.36	0.6797	-5.43
0.00615	1.52	1.2	0.7	-5.043
0.006200000000000001	1.52	1.36	0.7	-5.43
0.00625	1.56	1.12	0.6396	-5.043
0.0063	1.52	1.28	0.66	-5.43
0.006350000000000001	1.56	1.12	0.6396	-5.043
0.0064	1.54	1.12	0.66	-5.43
0.00645	1.52	1.2	0.62	-5.043
0.006500000000000001	1.54	1.2	0.62	-5.43
0.00655	1.52	1.12	0.66	-5.043
0.0066	1.54	1.2	0.6396	-5.43
0.0066500000000000005	1.52	1.12	0.58	-5.043
0.0067	1.54	1.2	0.5996	-5.43
0.00675	1.5	1.12	0.58	-5.043
0.0068000000000000005	1.5	1.2	0.5596	-5.43
0.00685	1.4795	1.12	0.5996	-5.043
0.006900000000000001	1.5	1.2	0.58	-5.43
0.0069500000000000004	1.5	1.12	0.5205	-5.043
0.007	1.5	1.2	0.54	-5.43
0.007050000000000001	1.46	1.12	0.5	-5.043
0.0071	1.46	1.2	0.54	-5.43
0.00715	1.5	1.12	0.46	-5.043
0.007200000000000001	1.4795	1.12	0.5205	-5.43
0.00725	1.42	1.2	0.4404	-5.043
0.0073	1.42	1.2	0.4805	-5.43
0.007350000000000001	1.4795	1.12	0.42	-5.043
0.0074	1.439	1.2	0.4404	-5.043
0.00745	1.42	1.12	0.38	-5.43
0.007500000000000001	1.439	1.12	0.4004	-5.43
0.00755	1.399	1.2	0.3398	-5.043
0.0076	1.399	1.2	0.3604	-5.43
0.0076500000000000005	1.42	1.12	0.2998	-5.043
0.0077	1.42	1.2	0.3398	-5.043
0.00775	1.38	1.04	0.2598	-5.43
0.0078000000000000005	1.38	1.2	0.2803	-5.43
0.007850000000000001	1.38	1.04	0.2002	-5.043
0.0079	1.38	1.12	0.2397	-5.43
0.00795	1.34	1.04	0.1602	-5.043
0.008	1.34	1.04	0.1802	-5.43
0.00805	1.38	1.12	0.1201	-5.043
0.0081	1.36	1.04	0.1602	-5.43
0.008150000000000001	1.32	1.12	0.06006	-5.043
0.0082	1.32	1.04	0.1001	-5.43
0.00825	1.28	1.12	0.02002	-5.043
0.0083	1.28	1.04	0.04004	-5.43
0.00835	1.3	1.12	-0.04004	-5.043
0.008400000000000001	1.3	1.04	-0.02002	-5.43
0.008450000000000001	1.26	1.12	-0.1001	-5.043
0.0085	1.26	1.12	-0.0801	-5.43
0.00855	1.22	1.04	-0.1602	-5.043
0.0086	1.24	1.04	-0.1401	-5.43
0.00865	1.22	1.12	-0.2202	-5.043
0.008700000000000001	1.24	1.04	-0.2002	-5.43
0.00875	1.2	1.12	-0.28	-5.043
0.0088	1.2	1.12	-0.2603	-5.43
0.00885	1.22	1.04	-0.34	-5.043
0.0089	1.22	1.12	-0.32	-5.43
0.00895	1.16	1.04	-0.4001	-5.043
0.009000000000000001	1.18	1.04	-0.3801	-5.43
0.00905	1.16	1.12	-0.52	-5.043
0.0091	1.16	1.04	-0.4402	-5.43
0.00915	1.2	1.12	-0.6	-5.043
0.0092	1.2	1.04	-0.4802	-5.43
0.009250000000000001	1.3	1.12	-0.68	-5.043
0.009300000000000001	1.26	1.12	-0.54	-5.43
0.00935	1.14	0.88	-0.74	-5.043
0.0094	1.16	0.88	-0.6	-5.43
0.00945	1.1	1.12	-0.7803	-5.043
0.0095	1.12	0.96	-0.66	-5.43
0.009550000000000001	1.08	0.88	-0.8604	-5.043
0.009600000000000001	1.1	0.88	-0.68	-5.43
0.00965	1.2	0.96	-0.8804	-5.043
0.0097	1.26	0.88	-0.74	-5.43
0.00975	1.14	0.96	-0.9404	-5.043
0.0098	1.14	0.88	-0.7803	-5.43
0.009850000000000001	1.04	0.96	-0.9805	-5.043
0.0099	1.06	0.88	-0.8403	-5.043
0.00995	0.9795	0.96	-1.0	-5.43
0.01	1.0	0.88	-0.8604	-5.43
0.01005	0.9795	0.96	-1.04	-5.043
0.010100000000000001	1.0	0.96	-0.9004	-5.43
0.010150000000000001	0.96	0.88	-1.061	-5.043
0.0102	0.96	0.88	-0.9004	-5.43
0.01025	0.9795	0.96	-1.061	-5.043
0.0103	0.96	0.96	-1.101	-5.43
0.01035	1.0	0.88	-0.9204	-5.043
0.010400000000000001	0.96	0.88	-1.08	-5.43
0.010450000000000001	1.04	0.96	-0.9204	-5.043
0.0105	1.04	0.96	-1.08	-5.043
0.01055	0.96	0.88	-0.9004	-5.43
0.0106	0.96	0.88	-1.061	-5.043
0.01065	0.9795	0.96	-0.9004	-5.43
0.010700000000000001	0.96	0.96	-1.04	-5.43
0.010750000000000001	0.9795	0.8	-0.8604	-5.043
0.0108	0.96	0.96	-1.0	-5.43
0.01085	1.0	0.8	-0.8403	-5.043
0.0109	1.0	0.96	-0.9805	-5.43
0.01095	0.9795	0.8	-0.8003	-5.043
0.011000000000000001	0.9795	0.8	-0.9204	-5.43
0.01105	1.04	0.96	-0.7603	-5.043
0.0111	0.9795	0.8	-0.8804	-5.43
0.01115	1.04	0.88	-0.72	-5.043
0.0112	1.02	0.88	-0.8203	-5.043
0.011250000000000001	1.06	0.8	-0.66	-5.43
0.011300000000000001	1.04	0.8	-0.7603	-5.43
0.01135	1.08	0.88	-0.6	-5.043
0.0114	1.08	0.8	-0.7	-5.43
0.01145	1.1	0.88	-0.54	-5.043
0.0115	1.08	0.88	-0.64	-5.043
0.011550000000000001	1.12	0.8	-0.4802	-5.43
0.011600000000000001	1.1	0.8	-0.56	-5.43
0.01165	1.16	0.88	-0.4001	-5.043
0.0117	1.14	0.8	-0.5	-5.43
0.01175	1.18	0.88	-0.34	-5.043
0.0118	1.16	0.88	-0.4001	-5.43
0.011850000000000001	1.2	0.8	-0.2603	-5.043
0.0119	1.2	0.8	-0.32	-5.43
0.01195	1.24	0.88	-0.2202	-5.043
0.012	1.2	0.8	-0.2402	-5.043
0.01205	1.24	0.88	-0.1401	-5.43
0.012100000000000001	1.22	0.8	-0.1602	-5.043
0.012150000000000001	1.26	0.88	-0.06006	-5.43
0.0122	1.26	0.88	-0.0801	-5.43
0.01225	1.3	0.72	0.0	-5.043
0.0123	1.28	0.88	-0.02002	-5.43
0.01235	1.32	0.72	0.06006	-5.043
0.012400000000000001	1.28	0.88	0.04004	-5.43
0.012450000000000001	1.32	0.64	0.1201	-5.043
0.0125	1.32	0.88	0.1001	-5.43
0.01255	1.36	0.64	0.1602	-5.043
0.0126	1.34	0.64	0.1401	-5.043
0.01265	1.38	0.8	0.2197	-5.43
0.012700000000000001	1.38	0.64	0.2002	-5.43
0.012750000000000001	1.34	0.72	0.2397	-5.043
0.0128	1.38	0.72	0.2197	-5.43
0.01285	1.38	0.64	0.2803	-5.043
0.0129	1.38	0.72	0.2598	-5.43
0.012950000000000001	1.42	0.64	0.2998	-5.043
0.013000000000000001	1.42	0.72	0.2803	-5.43
0.01305	1.399	0.64	0.3398	-5.043
0.0131	1.399	0.64	0.2803	-5.43
0.01315	1.42	0.72	0.3398	-5.043
0.0132	1.42	0.72	0.3398	-5.43
0.013250000000000001	1.399	0.64	0.3203	-5.043
0.013300000000000001	1.399	0.64	0.3203	-5.043
0.01335	1.42	0.72	0.3398	-5.43
0.0134	1.42	0.72	0.3398	-5.043
0.01345	1.38	0.64	0.2803	-5.43
0.0135	1.42	0.64	0.2998	-5.43
0.013550000000000001	1.38	0.72	0.2598	-5.043
0.013600000000000001	1.38	0.72	0.2803	-5.43
0.01365	1.38	0.64	0.2197	-5.043
0.0137	1.38	0.72	0.2397	-5.43
0.01375	1.34	0.64	0.1802	-5.043
0.013800000000000002	1.36	0.64	0.1802	-5.43
0.013850000000000001	1.32	0.72	0.1401	-5.043
0.013900000000000001	1.34	0.64	0.1602	-5.43
0.01395	1.28	0.72	0.04004	-5.043
0.014	1.3	0.72	0.06006	-5.43
0.01405	1.26	0.64	-0.02002	-5.043
0.014100000000000001	1.28	0.72	0.0	-5.43
0.014150000000000001	1.22	0.56	-0.1001	-5.043
0.0142	1.24	0.72	-0.0801	-5.043
0.01425	1.2	0.56	-0.1802	-5.43
0.0143	1.2	0.64	-0.1802	-5.43
0.01435	1.16	0.56	-0.3	-5.043
0.014400000000000001	1.18	0.64	-0.3	-5.43
0.014450000000000001	1.1	0.56	-0.4402	-5.043
0.0145	1.12	0.56	-0.4202	-5.43
0.01455	1.08	0.64	-0.56	-5.043
0.0146	1.1	0.56	-0.54	-5.43
0.014650000000000002	1.02	0.64	-0.68	-5.043
0.014700000000000001	1.04	0.56	-0.66	-5.43
0.014750000000000001	0.9795	0.64	-0.8003	-5.043
0.0148	1.0	0.56	-0.7803	-5.43
0.01485	0.92	0.64	-0.9404	-5.043
0.0149	0.9395	0.56	-0.9004	-5.43
0.014950000000000001	0.9	0.64	-1.061	-5.043
0.015000000000000001	0.92	0.64	-1.04	-5.43
0.015050000000000001	0.84	0.56	-1.181	-5.043
0.0151	0.86	0.56	-1.181	-5.43
0.01515	0.8	0.64	-1.301	-5.043
0.0152	0.82	0.56	-1.301	-5.43
0.015250000000000001	0.78	0.64	-1.44	-5.043
0.015300000000000001	0.8	0.64	-1.4	-5.43
0.01535	0.7397	0.56	-1.541	-5.043
0.0154	0.76	0.56	-1.5205	-5.043
0.01545	0.7197	0.64	-1.641	-5.43
0.0155	0.7397	0.56	-1.641	-5.43
0.015550000000000001	0.6797	0.64	-1.78	-5.043
0.015600000000000001	0.6797	0.56	-1.721	-5.43
0.01565	0.6997	0.64	-1.86	-5.043
0.015700000000000002	0.6997	0.64	-1.801	-5.43
0.01575	0.6597	0.4001	-1.961	-5.043
0.0158	0.6597	0.56	-1.9	-5.043
0.01585	0.6997	0.4001	-2.02	-5.43
0.0159	0.6597	0.48	-1.961	-5.43
0.015950000000000002	0.6997	0.4001	-2.08	-5.043
0.016	0.6797	0.48	-2.0	-5.043
0.016050000000000002	0.76	0.4001	-2.121	-5.43
0.0161	0.7397	0.4001	-2.04	-5.43
0.01615	0.9795	0.48	-2.14	-5.043
0.0162	0.9395	0.48	-2.102	-5.043
0.01625	0.78	0.4001	-2.18	-5.43
0.016300000000000002	0.92	0.4001	-2.102	-5.43
0.01635	0.7397	0.48	-2.2	-5.043
0.0164	0.76	0.48	-2.121	-5.43
0.01645	0.6196	0.4001	-2.2	-5.043
0.0165	0.6396	0.48	-2.2	-5.43
0.016550000000000002	0.5996	0.4001	-2.121	-5.043
0.0166	0.5996	0.48	-2.2	-5.43
0.01665	0.6396	0.4001	-2.14	-5.043
0.0167	0.6196	0.48	-2.2	-5.043
0.01675	0.5596	0.4001	-2.121	-5.43
0.016800000000000002	0.5796	0.48	-2.2	-5.43
0.01685	0.5596	0.4001	-2.102	-5.043
0.016900000000000002	0.5796	0.48	-2.18	-5.43
0.01695	0.5596	0.4001	-2.08	-5.043
0.017	0.5596	0.48	-2.14	-5.43
0.01705	0.6196	0.4001	-2.04	-5.043
0.0171	0.5996	0.48	-2.08	-5.43
0.017150000000000002	0.6196	0.4001	-1.98	-5.043
0.0172	0.5996	0.4001	-2.04	-5.43
0.01725	0.6396	0.48	-1.921	-5.043
0.0173	0.6196	0.48	-1.961	-5.43
0.01735	0.6597	0.32	-1.86	-5.043
0.017400000000000002	0.6396	0.32	-1.921	-5.43
0.01745	0.6797	0.48	-1.78	-5.043
0.0175	0.6597	0.4001	-1.86	-5.43
0.01755	0.6997	0.32	-1.681	-5.043
0.0176	0.6797	0.32	-1.78	-5.043
0.017650000000000002	0.7397	0.4001	-1.561	-5.43
0.0177	0.7197	0.32	-1.681	-5.43
0.017750000000000002	0.76	0.4001	-1.461	-5.043
0.0178	0.7397	0.32	-1.561	-5.43
0.01785	0.82	0.4001	-1.34	-5.043
0.0179	0.8	0.32	-1.44	-5.43
0.01795	0.86	0.4001	-1.221	-5.043
0.018000000000000002	0.84	0.4001	-1.301	-5.43
0.01805	0.9	0.32	-1.08	-5.043
0.0181	0.86	0.32	-1.181	-5.043
0.01815	0.9395	0.4001	-0.9604	-5.43
0.0182	0.92	0.32	-1.061	-5.43
0.018250000000000002	0.9795	0.4001	-0.8203	-5.043
0.0183	0.96	0.32	-0.9004	-5.43
0.01835	1.02	0.4001	-0.68	-5.043
0.0184	1.02	0.32	-0.7603	-5.043
0.01845	1.08	0.4001	-0.54	-5.43
0.018500000000000003	1.08	0.32	-0.64	-5.43
0.01855	1.12	0.4001	-0.4202	-5.043
0.018600000000000002	1.1	0.4001	-0.4802	-5.43
0.01865	1.18	0.24	-0.3	-5.043
0.0187	1.16	0.4001	-0.34	-5.43
0.01875	1.22	0.16	-0.1802	-5.043
0.0188	1.2	0.4001	-0.2202	-5.043
0.018850000000000002	1.26	0.16	-0.06006	-5.43
0.0189	1.26	0.4001	-0.1001	-5.043
0.01895	1.3	0.16	0.06006	-5.43
0.019	1.28	0.16	0.0	-5.43
0.01905	1.32	0.32	0.1401	-5.043
0.019100000000000002	1.32	0.16	0.1201	-5.43
0.01915	1.36	0.24	0.2397	-5.043
0.019200000000000002	1.34	0.24	0.2002	-5.43
0.01925	1.38	0.16	0.2998	-5.043
0.0193	1.36	0.16	0.2803	-5.043
0.019350000000000003	1.42	0.24	0.3604	-5.43
0.0194	1.399	0.16	0.3398	-5.43
0.019450000000000002	1.439	0.24	0.42	-5.043
0.0195	1.439	0.24	0.4004	-5.43
0.01955	1.439	0.16	0.4805	-5.043
0.0196	1.42	0.24	0.4404	-5.43
0.01965	1.4795	0.16	0.5205	-5.043
0.019700000000000002	1.4795	0.24	0.5	-5.043
0.01975	1.46	0.16	0.54	-5.43
0.0198	1.46	0.24	0.5205	-5.43
0.01985	1.5	0.16	0.58	-5.043
0.0199	1.46	0.24	0.5596	-5.43
0.019950000000000002	1.5	0.16	0.5996	-5.043
0.02	1.5	0.24	0.58	-5.43
0.020050000000000002	1.5	0.16	0.5996	-5.043
0.0201	1.4795	0.24	0.58	-5.43
0.02015	1.52	0.0801	0.6396	-5.043
0.020200000000000003	1.5	0.24	0.62	-5.043
0.02025	1.54	0.0801	0.6396	-5.43
0.020300000000000002	1.5	0.24	0.62	-5.43
0.02035	1.54	0.16	0.66	-5.043
0.0204	1.52	0.24	0.62	-5.43
0.02045	1.54	0.0801	0.66	-5.043
0.0205	1.54	0.24	0.66	-5.43
0.020550000000000002	1.52	0.0801	0.62	-5.043
0.0206	1.52	0.0801	0.66	-5.43
0.02065	1.54	0.24	0.6396	-5.043
0.0207	1.52	0.0801	0.6396	-5.043
0.02075	1.54	0.16	0.66	-5.43
0.020800000000000003	1.52	0.0801	0.66	-5.43
0.02085	1.54	0.16	0.6396	-5.043
0.020900000000000002	1.54	0.0801	0.66	-5.43
0.02095	1.52	0.16	0.6396	-5.043
0.021	1.52	0.0801	0.66	-5.043
0.021050000000000003	1.54	0.16	0.6396	-5.43
0.0211	1.52	0.0801	0.66	-5.43
0.021150000000000002	1.54	0.16	0.6396	-5.043
0.0212	1.54	0.0801	0.66	-5.043
0.02125	1.52	0.16	0.6396	-5.43
0.0213	1.52	0.0801	0.66	-5.43
0.02135	1.54	0.16	0.6396	-5.043
0.021400000000000002	1.54	0.16	0.66	-5.43
0.02145	1.52	0.0801	0.6396	-5.043
0.021500000000000002	1.54	0.0801	0.66	-5.43
0.02155	1.52	0.16	0.6396	-5.043
0.0216	1.52	0.0801	0.66	-5.43
0.021650000000000003	1.54	0.16	0.6396	-5.043
0.0217	1.52	0.0801	0.66	-5.43
0.021750000000000002	1.54	0.16	0.6396	-5.043
0.0218	1.52	0.0801	0.6396	-5.43
0.02185	1.54	0.16	0.66	-5.043
0.0219	1.52	0.0801	0.66	-5.43
0.02195	1.54	0.16	0.6396	-5.043
0.022000000000000002	1.52	0.16	0.66	-5.43
0.02205	1.54	-0.0801	0.6396	-5.043
0.0221	1.54	0.16	0.66	-5.43
0.02215	1.52	-0.0801	0.6396	-5.043
0.0222	1.52	-0.0801	0.66	-5.043
0.022250000000000002	1.54	0.0801	0.6396	-5.43
0.0223	1.52	-0.0801	0.66	-5.43
0.022350000000000002	1.54	0.0	0.6396	-5.043
0.0224	1.54	-0.0801	0.6396	-5.43
0.02245	1.52	0.0	0.66	-5.043
0.022500000000000003	1.54	0.0	0.66	-5.43
0.02255	1.52	-0.0801	0.62	-5.043
0.022600000000000002	1.52	0.0	0.66	-5.43
0.02265	1.54	-0.0801	0.62	-5.043
0.0227	1.54	0.0	0.66	-5.43
0.02275	1.52	-0.0801	0.62	-5.043
0.0228	1.52	0.0	0.66	-5.043
0.022850000000000002	1.54	-0.0801	0.62	-5.43
0.0229	1.52	0.0	0.66	-5.43
0.02295	1.54	-0.0801	0.62	-5.043
0.023	1.52	0.0	0.66	-5.43
0.02305	1.54	-0.0801	0.62	-5.043
0.023100000000000002	1.52	0.0	0.62	-5.043
0.02315	1.54	-0.0801	0.66	-5.43
0.023200000000000002	1.52	0.0	0.62	-5.043
0.02325	1.54	-0.0801	0.66	-5.43
0.0233	1.54	-0.0801	0.62	-5.43
0.023350000000000003	1.52	0.0	0.6396	-5.043
0.0234	1.54	0.0	0.6396	-5.43
0.023450000000000002	1.52	-0.0801	0.62	-5.043
0.0235	1.54	0.0	0.62	-5.43
0.02355	1.52	-0.0801	0.6396	-5.043
0.0236	1.54	0.0	0.62	-5.43
0.02365	1.52	-0.1599	0.6396	-5.043
0.023700000000000002	1.54	0.0	0.6396	-5.043
0.02375	1.52	-0.1599	0.62	-5.43
0.0238	1.52	-0.1599	0.6396	-5.43
0.02385	1.54	-0.0801	0.62	-5.043
0.0239	1.52	-0.0801	0.6396	-5.43
0.023950000000000003	1.54	-0.1599	0.5996	-5.043
0.024	1.52	-0.1599	0.6396	-5.43
0.024050000000000002	1.54	-0.0801	0.5996	-5.043
0.0241	1.54	-0.0801	0.6396	-5.43
0.02415	1.52	-0.1599	0.58	-5.043
0.024200000000000003	1.54	-0.1599	0.6396	-5.043
0.02425	1.52	-0.0801	0.58	-5.43
0.024300000000000002	1.52	-0.1599	0.58	-5.043
0.02435	1.54	-0.0801	0.6396	-5.43
0.0244	1.54	-0.1599	0.6396	-5.043
0.02445	1.5	-0.0801	0.58	-5.43
0.0245	1.54	-0.1599	0.58	-5.43
0.024550000000000002	1.4795	-0.0801	0.6396	-5.043
0.0246	1.54	-0.1599	0.58	-5.43
0.024650000000000002	1.5	-0.0801	0.6396	-5.043
0.0247	1.54	-0.1599	0.5996	-5.43
0.02475	1.5	-0.0801	0.58	-5.043
0.024800000000000003	1.54	-0.1599	0.5996	-5.043
0.02485	1.5	-0.0801	0.58	-5.43
0.024900000000000002	1.5	-0.1599	0.5996	-5.043
0.02495	1.54	-0.0801	0.58	-5.43
0.025	1.4795	-0.1599	0.5996	-5.43
0.025050000000000003	1.54	-0.0801	0.58	-5.043
0.0251	1.5	-0.1599	0.5996	-5.43
0.025150000000000002	1.54	-0.0801	0.58	-5.043
0.0252	1.5	-0.0801	0.5996	-5.043
0.02525	1.54	-0.24	0.58	-5.43
0.0253	1.54	-0.0801	0.5996	-5.43
0.02535	1.4795	-0.32	0.58	-5.043
0.025400000000000002	1.5	-0.24	0.5996	-5.43
0.02545	1.54	-0.32	0.58	-5.043
0.025500000000000002	1.5	-0.24	0.5996	-5.43
0.02555	1.54	-0.32	0.58	-5.043
0.0256	1.54	-0.24	0.5996	-5.43
0.025650000000000003	1.4795	-0.32	0.5596	-5.043
0.0257	1.5	-0.24	0.5996	-5.043
0.025750000000000002	1.54	-0.32	0.5596	-5.43
0.0258	1.54	-0.24	0.5996	-5.43
0.02585	1.4795	-0.32	0.5596	-5.043
0.025900000000000003	1.54	-0.32	0.5596	-5.43
0.02595	1.4795	-0.24	0.5996	-5.043
0.026000000000000002	1.5	-0.24	0.5596	-5.43
0.02605	1.4795	-0.32	0.5996	-5.043
0.0261	1.5	-0.32	0.5596	-5.043
0.02615	1.4795	-0.24	0.5996	-5.43
0.0262	1.52	-0.24	0.5596	-5.43
0.026250000000000002	1.4795	-0.32	0.58	-5.043
0.0263	1.5	-0.32	0.58	-5.43
0.026350000000000002	1.4795	-0.24	0.5596	-5.043
0.0264	1.5	-0.32	0.5596	-5.43
0.02645	1.4795	-0.24	0.58	-5.043
0.026500000000000003	1.5	-0.24	0.58	-5.43
0.02655	1.5	-0.4001	0.54	-5.043
0.026600000000000002	1.5	-0.24	0.58	-5.43
0.02665	1.4795	-0.4001	0.5205	-5.043
0.0267	1.5	-0.24	0.5205	-5.043
0.026750000000000003	1.5	-0.4001	0.58	-5.43
0.0268	1.5	-0.24	0.54	-5.43
0.026850000000000002	1.5	-0.4001	0.5	-5.043
0.0269	1.5	-0.24	0.54	-5.43
0.02695	1.46	-0.4001	0.5	-5.043
0.027	1.46	-0.32	0.5	-5.43
0.02705	1.5	-0.4001	0.5205	-5.043
0.027100000000000003	1.4795	-0.4001	0.5205	-5.43
0.02715	1.46	-0.32	0.46	-5.043
0.027200000000000002	1.46	-0.4001	0.4805	-5.43
0.02725	1.4795	-0.32	0.4404	-5.043
0.0273	1.4795	-0.4001	0.4805	-5.43
0.027350000000000003	1.42	-0.32	0.4004	-5.043
0.0274	1.439	-0.4001	0.46	-5.43
0.027450000000000002	1.439	-0.32	0.38	-5.043
0.0275	1.439	-0.32	0.42	-5.43
0.02755	1.399	-0.4001	0.3604	-5.043
0.027600000000000003	1.399	-0.4001	0.4004	-5.43
0.02765	1.42	-0.32	0.2998	-5.043
0.027700000000000002	1.42	-0.4001	0.3398	-5.43
0.02775	1.38	-0.32	0.2598	-5.043
0.027800000000000002	1.38	-0.4001	0.2998	-5.43
0.02785	1.34	-0.32	0.2002	-5.043
0.0279	1.36	-0.4001	0.2397	-5.43
0.027950000000000003	1.32	-0.32	0.1401	-5.043
0.028	1.32	-0.4001	0.2197	-5.43
0.028050000000000002	1.36	-0.32	0.0801	-5.043
0.0281	1.32	-0.32	0.1602	-5.43
0.02815	1.28	-0.4001	0.04004	-5.043
0.028200000000000003	1.3	-0.32	0.1001	-5.43
0.02825	1.26	-0.5605	-0.04004	-5.043
0.028300000000000002	1.26	-0.5605	0.04004	-5.43
0.02835	1.22	-0.32	-0.1001	-5.043
0.0284	1.24	-0.32	-0.06006	-5.43
0.028450000000000003	1.2	-0.5605	-0.1602	-5.043
0.0285	1.22	-0.4001	-0.0801	-5.43
0.028550000000000002	1.16	-0.5605	-0.2202	-5.043
0.0286	1.18	-0.4802	-0.1802	-5.43
0.028650000000000002	1.14	-0.5605	-0.28	-5.043
0.0287	1.14	-0.4802	-0.2402	-5.43
0.02875	1.18	-0.5605	-0.32	-5.043
0.028800000000000003	1.16	-0.4802	-0.2603	-5.43
0.02885	1.1	-0.5605	-0.34	-5.043
0.028900000000000002	1.1	-0.4802	-0.32	-5.43
0.02895	1.12	-0.5605	-0.3801	-5.043
0.029	1.12	-0.4802	-0.36	-5.43
0.029050000000000003	1.1	-0.5605	-0.4001	-5.043
0.0291	1.12	-0.5605	-0.3801	-5.43
0.029150000000000002	1.1	-0.4802	-0.4402	-5.043
0.0292	1.1	-0.4802	-0.4202	-5.43
0.02925	1.16	-0.5605	-0.4402	-5.043
0.029300000000000003	1.14	-0.4802	-0.4202	-5.43
0.02935	1.16	-0.5605	-0.4402	-5.043
0.029400000000000003	1.14	-0.4802	-0.4202	-5.43
0.02945	1.24	-0.5605	-0.4402	-5.043
0.029500000000000002	1.24	-0.4802	-0.4402	-5.43
0.02955	1.16	-0.5605	-0.4001	-5.043
0.0296	1.18	-0.4802	-0.4402	-5.43
0.029650000000000003	1.14	-0.5605	-0.3801	-5.043
0.0297	1.16	-0.5605	-0.4001	-5.043
0.029750000000000002	1.1	-0.4802	-0.36	-5.43
0.0298	1.1	-0.4802	-0.4001	-5.43
0.02985	1.16	-0.5605	-0.32	-5.043
0.029900000000000003	1.1	-0.4802	-0.34	-5.43
0.02995	1.16	-0.5605	-0.3	-5.043
0.030000000000000002	1.14	-0.4802	-0.32	-5.43
0.03005	1.16	-0.6396	-0.2402	-5.043
0.030100000000000002	1.14	-0.6396	-0.2603	-5.43
0.03015	1.18	-0.5605	-0.1802	-5.043
0.0302	1.16	-0.6396	-0.2202	-5.43
0.030250000000000003	1.22	-0.5605	-0.1401	-5.043
0.0303	1.2	-0.6396	-0.1602	-5.043
0.030350000000000002	1.24	-0.5605	-0.0801	-5.43
0.0304	1.22	-0.6396	-0.1001	-5.43
0.03045	1.24	-0.5605	-0.02002	-5.043
0.030500000000000003	1.22	-0.5605	-0.04004	-5.43
0.03055	1.26	-0.6396	0.04004	-5.043
0.030600000000000002	1.26	-0.6396	0.02002	-5.43
0.03065	1.3	-0.5605	0.1001	-5.043
0.0307	1.28	-0.6396	0.0801	-5.43
0.030750000000000003	1.32	-0.5605	0.1602	-5.043
0.0308	1.32	-0.6396	0.1401	-5.43
0.030850000000000002	1.36	-0.5605	0.2197	-5.043
0.0309	1.34	-0.6396	0.2002	-5.43
0.030950000000000002	1.36	-0.5605	0.2803	-5.043
0.031	1.34	-0.6396	0.2197	-5.43
0.03105	1.38	-0.5605	0.2998	-5.043
0.031100000000000003	1.38	-0.6396	0.2803	-5.43
0.03115	1.42	-0.5605	0.3398	-5.043
0.031200000000000002	1.42	-0.6396	0.3203	-5.43
0.03125	1.38	-0.5605	0.3604	-5.043
0.0313	1.399	-0.6396	0.3398	-5.43
0.03135	1.439	-0.5605	0.4004	-5.043
0.031400000000000004	1.439	-0.6396	0.38	-5.43
0.03145	1.42	-0.5605	0.42	-5.043
0.0315	1.439	-0.5605	0.4004	-5.043
0.03155	1.42	-0.8	0.46	-5.43
0.0316	1.42	-0.8	0.4404	-5.43
0.031650000000000005	1.4795	-0.5605	0.46	-5.043
0.0317	1.439	-0.8	0.4404	-5.43
0.03175	1.4795	-0.7197	0.4805	-5.043
0.0318	1.4795	-0.8	0.4805	-5.43
0.03185	1.46	-0.7197	0.46	-5.043
0.031900000000000005	1.4795	-0.7197	0.46	-5.43
0.03195	1.46	-0.8	0.5205	-5.043
0.032	1.4795	-0.7197	0.5205	-5.43
0.03205	1.46	-0.8	0.46	-5.043
0.032100000000000004	1.4795	-0.7197	0.5205	-5.043
0.032150000000000005	1.46	-0.8	0.4805	-5.43
0.0322	1.46	-0.7197	0.5205	-5.43
0.03225	1.4795	-0.8	0.46	-5.043
0.0323	1.46	-0.7197	0.5	-5.43
0.032350000000000004	1.5	-0.8	0.5205	-5.043
0.0324	1.46	-0.7197	0.5205	-5.43
0.03245	1.5	-0.8	0.5	-5.043
0.0325	1.46	-0.7197	0.5205	-5.43
0.03255	1.5	-0.8	0.5	-5.043
0.032600000000000004	1.46	-0.8	0.5	-5.43
0.03265	1.5	-0.7197	0.5205	-5.043
0.0327	1.5	-0.7197	0.5205	-5.043
0.03275	1.46	-0.8	0.5	-5.43
0.0328	1.46	-0.7197	0.5205	-5.43
0.032850000000000004	1.5	-0.8	0.5	-5.043
0.0329	1.46	-0.8	0.5205	-5.43
0.03295	1.5	-0.7197	0.5	-5.043
0.033	1.46	-0.7197	0.5205	-5.43
0.03305	1.5	-0.8	0.5	-5.043
0.033100000000000004	1.46	-0.7197	0.5205	-5.43
0.03315	1.5	-0.8	0.5	-5.043
0.0332	1.46	-0.7197	0.5	-5.43
0.03325	1.5	-0.88	0.5205	-5.043
0.0333	1.46	-0.88	0.5	-5.43
0.033350000000000005	1.5	-0.8	0.5205	-5.043
0.0334	1.46	-0.88	0.5205	-5.43
0.03345	1.5	-0.8	0.5	-5.043
0.0335	1.46	-0.88	0.5	-5.43
0.03355	1.5	-0.8	0.5205	-5.043
0.033600000000000005	1.46	-0.88	0.5205	-5.043
0.03365	1.5	-0.8	0.5	-5.43
0.0337	1.46	-0.88	0.5	-5.43
0.03375	1.4795	-0.8	0.5205	-5.043
0.033800000000000004	1.46	-0.88	0.5205	-5.43
0.033850000000000005	1.5	-0.8	0.46	-5.043
0.0339	1.4795	-0.88	0.5205	-5.43
0.03395	1.46	-0.8	0.4805	-5.043
0.034	1.46	-0.88	0.5205	-5.043
0.034050000000000004	1.4795	-0.8	0.46	-5.43
0.0341	1.4795	-0.8	0.5205	-5.43
0.03415	1.46	-0.88	0.46	-5.043
0.0342	1.4795	-0.88	0.46	-5.043
0.03425	1.46	-0.8	0.5205	-5.43
0.034300000000000004	1.4795	-0.88	0.5205	-5.043
0.03435	1.46	-0.8	0.46	-5.43
0.0344	1.46	-0.88	0.5	-5.043
0.03445	1.4795	-0.8	0.46	-5.43
0.0345	1.4795	-0.88	0.5	-5.43
0.034550000000000004	1.46	-0.8	0.46	-5.043
0.0346	1.46	-0.88	0.4805	-5.43
0.03465	1.4795	-0.8	0.46	-5.043
0.0347	1.46	-0.8	0.4805	-5.43
0.03475	1.4795	-1.04	0.46	-5.043
0.034800000000000005	1.46	-0.8	0.4805	-5.43
0.03485	1.4795	-1.04	0.4404	-5.043
0.0349	1.4795	-0.96	0.4404	-5.43
0.03495	1.46	-1.04	0.4805	-5.043
0.035	1.439	-0.96	0.4404	-5.43
0.035050000000000005	1.4795	-1.04	0.4805	-5.043
0.0351	1.4795	-0.96	0.4404	-5.43
0.03515	1.42	-1.04	0.46	-5.043
0.0352	1.439	-0.96	0.46	-5.43
0.035250000000000004	1.4795	-1.04	0.4004	-5.043
0.035300000000000005	1.439	-0.96	0.4404	-5.43
0.03535	1.439	-1.04	0.4004	-5.043
0.0354	1.439	-1.04	0.42	-5.43
0.03545	1.42	-0.96	0.38	-5.043
0.035500000000000004	1.439	-0.96	0.42	-5.43
0.03555	1.439	-1.04	0.38	-5.043
0.0356	1.439	-1.04	0.4004	-5.043
0.03565	1.439	-0.96	0.3398	-5.43
0.0357	1.439	-0.96	0.3604	-5.43
0.035750000000000004	1.399	-1.04	0.3203	-5.043
0.0358	1.399	-0.96	0.3604	-5.43
0.03585	1.42	-1.04	0.2998	-5.043
0.0359	1.399	-0.96	0.3398	-5.43
0.03595	1.42	-1.04	0.2803	-5.043
0.036000000000000004	1.42	-0.96	0.2998	-5.043
0.03605	1.38	-1.12	0.2598	-5.43
0.0361	1.42	-0.96	0.2803	-5.43
0.03615	1.38	-1.04	0.2197	-5.043
0.0362	1.38	-0.96	0.2397	-5.043
0.036250000000000004	1.38	-1.12	0.2002	-5.43
0.0363	1.38	-0.96	0.2197	-5.043
0.03635	1.38	-1.12	0.1602	-5.43
0.0364	1.38	-0.96	0.1802	-5.043
0.03645	1.34	-1.12	0.1401	-5.43
0.036500000000000005	1.34	-1.04	0.1602	-5.43
0.03655	1.36	-1.12	0.0801	-5.043
0.0366	1.36	-1.12	0.1201	-5.043
0.03665	1.32	-1.04	0.04004	-5.43
0.0367	1.32	-1.12	0.06006	-5.43
0.036750000000000005	1.36	-1.04	0.02002	-5.043
0.0368	1.32	-1.12	0.04004	-5.43
0.03685	1.36	-1.04	-0.02002	-5.043
0.0369	1.32	-1.12	0.0	-5.43
0.036950000000000004	1.28	-1.04	-0.04004	-5.043
0.037000000000000005	1.28	-1.12	-0.02002	-5.43
0.03705	1.3	-1.04	-0.1001	-5.043
0.0371	1.28	-1.12	-0.06006	-5.43
0.03715	1.32	-1.04	-0.1001	-5.043
0.037200000000000004	1.3	-1.12	-0.0801	-5.43
0.03725	1.26	-1.04	-0.1401	-5.043
0.0373	1.26	-1.12	-0.1201	-5.43
0.03735	1.22	-1.04	-0.1602	-5.043
0.0374	1.22	-1.04	-0.1401	-5.43
0.037450000000000004	1.24	-1.12	-0.2202	-5.043
0.0375	1.24	-1.04	-0.1802	-5.43
0.03755	1.2	-1.12	-0.2202	-5.043
0.0376	1.2	-1.12	-0.2002	-5.043
0.03765	1.24	-1.04	-0.2603	-5.43
0.037700000000000004	1.2	-1.12	-0.2402	-5.43
0.03775	1.16	-1.04	-0.2603	-5.043
0.0378	1.2	-1.04	-0.2402	-5.043
0.03785	1.22	-1.12	-0.28	-5.43
0.0379	1.22	-1.12	-0.2402	-5.43
0.037950000000000005	1.16	-1.04	-0.28	-5.043
0.038	1.18	-1.04	-0.28	-5.43
0.03805	1.16	-1.28	-0.2402	-5.043
0.0381	1.16	-1.04	-0.28	-5.43
0.03815	1.18	-1.28	-0.2402	-5.043
0.038200000000000005	1.18	-1.2	-0.28	-5.043
0.03825	1.16	-1.28	-0.2402	-5.43
0.0383	1.16	-1.2	-0.2402	-5.43
0.03835	1.2	-1.28	-0.2603	-5.043
0.038400000000000004	1.16	-1.28	-0.2603	-5.43
0.038450000000000005	1.2	-1.2	-0.2002	-5.043
0.0385	1.18	-1.2	-0.2202	-5.43
0.03855	1.16	-1.28	-0.1802	-5.043
0.0386	1.16	-1.28	-0.2002	-5.043
0.038650000000000004	1.2	-1.2	-0.1401	-5.43
0.038700000000000005	1.2	-1.2	-0.1602	-5.43
0.03875	1.24	-1.28	-0.1201	-5.043
0.0388	1.22	-1.28	-0.1401	-5.43
0.03885	1.26	-1.2	-0.0801	-5.043
0.038900000000000004	1.26	-1.28	-0.1001	-5.43
0.03895	1.26	-1.2	-0.06006	-5.043
0.039	1.26	-1.2	-0.0801	-5.43
0.03905	1.3	-1.28	-0.02002	-5.043
0.0391	1.3	-1.28	-0.04004	-5.43
0.039150000000000004	1.26	-1.2	0.0	-5.043
0.0392	1.26	-1.2	-0.02002	-5.043
0.03925	1.3	-1.28	0.04004	-5.43
0.0393	1.3	-1.2	-0.02002	-5.43
0.03935	1.28	-1.28	0.04004	-5.043
0.039400000000000004	1.28	-1.2	0.02002	-5.43
0.03945	1.32	-1.28	0.06006	-5.043
0.0395	1.3	-1.2	0.02002	-5.043
0.03955	1.28	-1.28	0.06006	-5.43
0.0396	1.3	-1.2	0.06006	-5.43
0.039650000000000005	1.28	-1.28	0.04004	-5.043
0.0397	1.3	-1.2	0.06006	-5.43
0.03975	1.28	-1.36	0.04004	-5.043
0.0398	1.3	-1.28	0.06006	-5.43
0.039850000000000003	1.28	-1.36	0.02002	-5.043
0.039900000000000005	1.3	-1.36	0.02002	-5.43
0.03995	1.28	-1.28	0.06006	-5.043
0.04	1.3	-1.36	0.04004	-5.43
0.04005	1.26	-1.28	-0.02002	-5.043
0.040100000000000004	1.26	-1.28	0.0	-5.43
0.040150000000000005	1.3	-1.36	-0.04004	-5.043
0.0402	1.26	-1.36	-0.02002	-5.43
0.04025	1.28	-1.28	-0.0801	-5.043
0.0403	1.28	-1.36	-0.06006	-5.43
0.040350000000000004	1.22	-1.28	-0.1001	-5.043
0.040400000000000005	1.24	-1.28	-0.0801	-5.43
0.04045	1.22	-1.36	-0.1602	-5.043
0.0405	1.24	-1.36	-0.1401	-5.43
0.04055	1.22	-1.28	-0.2002	-5.043
0.040600000000000004	1.24	-1.28	-0.1802	-5.43
0.04065	1.2	-1.36	-0.2603	-5.043
0.0407	1.2	-1.36	-0.2402	-5.43
0.04075	1.22	-1.28	-0.3	-5.043
0.0408	1.16	-1.36	-0.2603	-5.43
0.040850000000000004	1.22	-1.28	-0.34	-5.043
0.0409	1.16	-1.36	-0.32	-5.043
0.04095	1.18	-1.28	-0.3801	-5.43
0.041	1.18	-1.36	-0.36	-5.43
0.04105	1.14	-1.28	-0.4001	-5.043
0.041100000000000005	1.14	-1.36	-0.3801	-5.43
0.04115	1.18	-1.28	-0.4602	-5.043
0.0412	1.14	-1.36	-0.4202	-5.43
0.04125	1.16	-1.28	-0.4802	-5.043
0.0413	1.14	-1.28	-0.4402	-5.43
0.041350000000000005	1.16	-1.36	-0.52	-5.043
0.0414	1.16	-1.36	-0.4802	-5.043
0.04145	1.1	-1.28	-0.52	-5.43
0.0415	1.1	-1.36	-0.5	-5.43
0.041550000000000004	1.14	-1.28	-0.56	-5.043
0.041600000000000005	1.1	-1.28	-0.54	-5.43
0.04165	1.14	-1.36	-0.58	-5.043
0.0417	1.1	-1.36	-0.58	-5.43
0.04175	1.12	-1.28	-0.54	-5.043
0.041800000000000004	1.1	-1.28	-0.56	-5.43
0.041850000000000005	1.12	-1.36	-0.62	-5.043
0.0419	1.1	-1.28	-0.62	-5.43
0.04195	1.12	-1.5205	-0.56	-5.043
0.042	1.12	-1.28	-0.6	-5.43
0.042050000000000004	1.1	-1.5205	-0.62	-5.043
0.042100000000000005	1.12	-1.5205	-0.6	-5.043
0.04215	1.1	-1.36	-0.64	-5.43
0.0422	1.1	-1.5205	-0.6	-5.43
0.04225	1.16	-1.44	-0.64	-5.043
0.042300000000000004	1.18	-1.5205	-0.64	-5.43
0.04235	1.1	-1.44	-0.6	-5.043
0.0424	1.14	-1.44	-0.64	-5.43
0.04245	1.1	-1.5205	-0.6	-5.043
0.0425	1.1	-1.5205	-0.62	-5.43
0.042550000000000004	1.14	-1.44	-0.68	-5.043
0.0426	1.16	-1.5205	-0.62	-5.43
0.04265	1.1	-1.44	-0.68	-5.043
0.0427	1.12	-1.5205	-0.62	-5.43
0.04275	1.08	-1.44	-0.68	-5.043
0.042800000000000005	1.12	-1.5205	-0.62	-5.43
0.04285	1.08	-1.44	-0.68	-5.043
0.0429	1.08	-1.44	-0.62	-5.43
0.04295	1.12	-1.5205	-0.68	-5.043
0.043000000000000003	1.08	-1.44	-0.62	-5.43
0.043050000000000005	1.12	-1.5205	-0.68	-5.043
0.0431	1.08	-1.5205	-0.62	-5.043
0.04315	1.12	-1.44	-0.68	-5.43
0.0432	1.08	-1.44	-0.68	-5.43
0.043250000000000004	1.12	-1.5205	-0.62	-5.043
0.043300000000000005	1.08	-1.44	-0.62	-5.043
0.04335	1.1	-1.5205	-0.68	-5.43
0.0434	1.1	-1.5205	-0.62	-5.43
0.04345	1.08	-1.44	-0.68	-5.043
0.043500000000000004	1.08	-1.5205	-0.64	-5.43
0.043550000000000005	1.1	-1.44	-0.62	-5.043
0.0436	1.08	-1.5205	-0.64	-5.43
0.04365	1.12	-1.44	-0.6	-5.043
0.0437	1.08	-1.44	-0.64	-5.043
0.043750000000000004	1.12	-1.5205	-0.6	-5.43
0.0438	1.08	-1.44	-0.64	-5.43
0.04385	1.12	-1.5205	-0.6	-5.043
0.0439	1.12	-1.5205	-0.64	-5.43
0.04395	1.08	-1.44	-0.6	-5.043
0.044000000000000004	1.08	-1.5205	-0.6	-5.043
0.04405	1.12	-1.44	-0.64	-5.43
0.0441	1.12	-1.44	-0.6	-5.43
0.04415	1.1	-1.5205	-0.64	-5.043
0.0442	1.1	-1.44	-0.62	-5.043
0.044250000000000005	1.12	-1.5205	-0.58	-5.43
0.0443	1.1	-1.5205	-0.62	-5.043
0.04435	1.12	-1.44	-0.56	-5.43
0.0444	1.1	-1.5205	-0.62	-5.43
0.04445	1.12	-1.44	-0.56	-5.043
0.044500000000000005	1.1	-1.44	-0.56	-5.43
0.04455	1.12	-1.5205	-0.62	-5.043
0.0446	1.12	-1.44	-0.58	-5.043
0.04465	1.1	-1.5205	-0.56	-5.43
0.044700000000000004	1.1	-1.44	-0.58	-5.43
0.044750000000000005	1.12	-1.5205	-0.54	-5.043
0.0448	1.1	-1.44	-0.58	-5.43
0.04485	1.12	-1.5205	-0.54	-5.043
0.0449	1.12	-1.44	-0.58	-5.043
0.044950000000000004	1.1	-1.5205	-0.54	-5.43
0.045000000000000005	1.1	-1.44	-0.54	-5.043
0.04505	1.14	-1.5205	-0.56	-5.43
0.0451	1.1	-1.5205	-0.56	-5.43
0.04515	1.16	-1.44	-0.5	-5.043
0.045200000000000004	1.1	-1.44	-0.5	-5.43
0.045250000000000005	1.16	-1.5205	-0.56	-5.043
0.0453	1.16	-1.44	-0.5	-5.43
0.04535	1.1	-1.5205	-0.52	-5.043
0.0454	1.1	-1.5205	-0.52	-5.43
0.045450000000000004	1.16	-1.44	-0.4802	-5.043
0.0455	1.12	-1.5205	-0.52	-5.43
0.04555	1.16	-1.44	-0.4802	-5.043
0.0456	1.14	-1.44	-0.5	-5.43
0.04565	1.16	-1.5205	-0.4802	-5.043
0.045700000000000005	1.14	-1.44	-0.5	-5.43
0.04575	1.16	-1.5205	-0.4402	-5.043
0.0458	1.14	-1.5205	-0.5	-5.43
0.04585	1.14	-1.44	-0.4402	-5.043
0.0459	1.14	-1.44	-0.4602	-5.43
0.045950000000000005	1.16	-1.5205	-0.4402	-5.043
0.046	1.14	-1.44	-0.4602	-5.43
0.04605	1.16	-1.5205	-0.4402	-5.043
0.0461	1.14	-1.5205	-0.4602	-5.43
0.046150000000000004	1.16	-1.44	-0.4202	-5.043
0.046200000000000005	1.14	-1.44	-0.4602	-5.043
0.04625	1.16	-1.5205	-0.4202	-5.43
0.0463	1.14	-1.44	-0.4402	-5.043
0.04635	1.18	-1.5205	-0.4001	-5.43
0.046400000000000004	1.14	-1.44	-0.4402	-5.043
0.046450000000000005	1.18	-1.5205	-0.3801	-5.43
0.0465	1.14	-1.5205	-0.3801	-5.43
0.04655	1.18	-1.44	-0.4402	-5.043
0.0466	1.18	-1.44	-0.4001	-5.43
0.046650000000000004	1.14	-1.5205	-0.3801	-5.043
0.046700000000000005	1.18	-1.5205	-0.4001	-5.43
0.04675	1.16	-1.44	-0.36	-5.043
0.0468	1.18	-1.44	-0.36	-5.43
0.04685	1.16	-1.5205	-0.4001	-5.043
0.046900000000000004	1.16	-1.44	-0.36	-5.43
0.046950000000000006	1.18	-1.5205	-0.3801	-5.043
0.047	1.16	-1.5205	-0.3801	-5.43
0.04705	1.18	-1.44	-0.32	-5.043
0.0471	1.16	-1.44	-0.3801	-5.43
0.047150000000000004	1.2	-1.5205	-0.32	-5.043
0.0472	1.16	-1.5205	-0.34	-5.43
0.04725	1.18	-1.44	-0.32	-5.043
0.0473	1.16	-1.5205	-0.34	-5.43
0.04735	1.2	-1.44	-0.3	-5.043
0.047400000000000005	1.16	-1.44	-0.34	-5.43
0.04745	1.22	-1.5205	-0.3	-5.043
0.0475	1.16	-1.44	-0.3	-5.43
0.04755	1.22	-1.5205	-0.32	-5.043
0.0476	1.22	-1.44	-0.32	-5.43
0.047650000000000005	1.2	-1.5205	-0.28	-5.043
0.0477	1.2	-1.44	-0.32	-5.43
0.04775	1.22	-1.5205	-0.2603	-5.043
0.0478	1.2	-1.5205	-0.3	-5.43
0.047850000000000004	1.22	-1.44	-0.2603	-5.043
0.047900000000000005	1.2	-1.44	-0.28	-5.043
0.04795	1.22	-1.5205	-0.2603	-5.43
0.048	1.2	-1.5205	-0.28	-5.43
0.04805	1.22	-1.44	-0.2402	-5.043
0.048100000000000004	1.2	-1.44	-0.2402	-5.43
0.048150000000000005	1.22	-1.5205	-0.28	-5.043
0.0482	1.2	-1.44	-0.2402	-5.43
0.04825	1.2	-1.5205	-0.2603	-5.043
0.0483	1.2	-1.5205	-0.2603	-5.43
0.048350000000000004	1.22	-1.44	-0.2402	-5.043
0.048400000000000006	1.2	-1.5205	-0.2603	-5.43
0.04845	1.24	-1.44	-0.2002	-5.043
0.0485	1.2	-1.44	-0.2002	-5.43
0.04855	1.24	-1.5205	-0.2603	-5.043
0.048600000000000004	1.2	-1.44	-0.2202	-5.043
0.048650000000000006	1.24	-1.5205	-0.2002	-5.43
0.0487	1.24	-1.44	-0.2202	-5.43
0.04875	1.2	-1.5205	-0.2002	-5.043
0.0488	1.22	-1.44	-0.2202	-5.43
0.048850000000000005	1.24	-1.5205	-0.1802	-5.043
0.0489	1.24	-1.44	-0.1802	-5.43
0.04895	1.22	-1.5205	-0.2202	-5.043
0.049	1.24	-1.44	-0.1802	-5.43
0.04905	1.22	-1.5205	-0.2002	-5.043
0.049100000000000005	1.22	-1.5205	-0.2002	-5.043
0.04915	1.24	-1.44	-0.1401	-5.43
0.0492	1.22	-1.44	-0.2002	-5.43
0.04925	1.24	-1.5205	-0.1401	-5.043
0.049300000000000004	1.24	-1.44	-0.2002	-5.43
0.049350000000000005	1.22	-1.5205	-0.1401	-5.043
0.0494	1.22	-1.44	-0.1602	-5.043
0.04945	1.24	-1.6	-0.1401	-5.43
0.0495	1.24	-1.44	-0.1401	-5.43
0.049550000000000004	1.22	-1.6	-0.1602	-5.043
0.049600000000000005	1.22	-1.44	-0.1602	-5.43
0.04965	1.26	-1.6	-0.1201	-5.043
0.0497	1.22	-1.44	-0.1602	-5.43
0.04975	1.26	-1.6	-0.1201	-5.043
0.049800000000000004	1.22	-1.6	-0.1602	-5.43
0.049850000000000005	1.26	-1.44	-0.1201	-5.043
0.0499	1.26	-1.6	-0.1401	-5.43
0.04995	1.22	-1.44	-0.1201	-5.043
0.05	1.22	-1.44	-0.1401	-5.43
0.050050000000000004	1.28	-1.6	-0.0801	-5.043
0.050100000000000006	1.26	-1.6	-0.1401	-5.043
0.05015	1.28	-1.44	-0.0801	-5.43
0.0502	1.26	-1.5205	-0.0801	-5.43
0.05025	1.28	-1.6	-0.1401	-5.043
0.050300000000000004	1.26	-1.6	-0.1201	-5.043
0.050350000000000006	1.28	-1.5205	-0.0801	-5.43
0.0504	1.26	-1.6	-0.0801	-5.043
0.05045	1.26	-1.5205	-0.1001	-5.43
0.0505	1.26	-1.6	-0.1001	-5.043
0.050550000000000005	1.28	-1.5205	-0.0801	-5.43
0.0506	1.26	-1.6	-0.1001	-5.43
0.05065	1.28	-1.5205	-0.06006	-5.043
0.0507	1.26	-1.6	-0.1001	-5.43
0.05075	1.28	-1.5205	-0.06006	-5.043
0.050800000000000005	1.28	-1.6	-0.06006	-5.43
0.05085	1.26	-1.5205	-0.1001	-5.043
0.0509	1.26	-1.6	-0.06006	-5.43
0.05095	1.26	-1.5205	-0.1001	-5.043
0.051000000000000004	1.26	-1.6	-0.06006	-5.43
0.051050000000000005	1.28	-1.5205	-0.0801	-5.043
0.0511	1.26	-1.6	-0.0801	-5.43
0.05115	1.28	-1.5205	-0.02002	-5.043
0.0512	1.26	-1.6	-0.0801	-5.43
0.051250000000000004	1.3	-1.5205	-0.02002	-5.043
0.051300000000000005	1.26	-1.6	-0.02002	-5.43
0.05135	1.3	-1.5205	-0.0801	4.656
0.0514	1.26	-1.6	-0.02002	4.266
0.05145	1.3	-1.5205	-0.0801	5.043
0.051500000000000004	1.26	-1.6	-0.02002	4.266
0.051550000000000006	1.3	-1.5205	-0.0801	5.043
0.0516	1.26	-1.6	-0.02002	4.266
0.05165	1.3	-1.5205	-0.0801	5.043
0.0517	1.26	-1.5205	-0.0801	5.043
0.051750000000000004	1.3	-1.6	-0.02002	4.266
0.051800000000000006	1.26	-1.5205	-0.0801	4.266
0.05185	1.3	-1.6	-0.02002	5.043
0.0519	1.26	-1.5205	-0.0801	4.656
0.05195	1.3	-1.6	-0.02002	5.043
0.052000000000000005	1.26	-1.6	-0.02002	5.043
0.05205	1.3	-1.5205	-0.0801	4.656
0.0521	1.26	-1.6	-0.02002	4.656
0.05215	1.3	-1.5205	-0.0801	5.043
0.0522	1.26	-1.6	-0.02002	4.656
0.052250000000000005	1.3	-1.44	-0.0801	5.043
0.0523	1.26	-1.6	-0.02002	5.043
0.05235	1.3	-1.44	-0.0801	4.656
0.0524	1.26	-1.6	-0.02002	4.656
0.052450000000000004	1.3	-1.44	-0.0801	5.043
0.052500000000000005	1.26	-1.6	-0.0801	5.043
0.05255	1.3	-1.44	-0.02002	4.656
0.0526	1.26	-1.6	-0.0801	4.656
0.05265	1.3	-1.44	-0.02002	5.043
0.052700000000000004	1.26	-1.6	-0.0801	5.043
0.052750000000000005	1.3	-1.44	-0.02002	4.656
0.0528	1.26	-1.6	-0.0801	5.043
0.05285	1.3	-1.44	-0.02002	4.656
0.0529	1.26	-1.44	-0.0801	5.043
0.052950000000000004	1.3	-1.6	-0.02002	4.656
0.053000000000000005	1.26	-1.6	-0.0801	5.043
0.05305	1.3	-1.44	-0.02002	4.656
0.0531	1.26	-1.44	-0.0801	4.656
0.05315	1.3	-1.6	-0.02002	5.043
0.053200000000000004	1.26	-1.44	-0.0801	5.043
0.053250000000000006	1.3	-1.6	-0.04004	4.656
0.0533	1.26	-1.44	-0.06006	4.656
0.05335	1.3	-1.6	-0.0801	5.043
0.0534	1.26	-1.44	-0.0801	5.043
0.053450000000000004	1.3	-1.6	-0.06006	4.656
0.053500000000000006	1.26	-1.6	-0.06006	5.043
0.05355	1.3	-1.44	-0.0801	4.656
0.0536	1.26	-1.44	-0.06006	5.043
0.05365	1.28	-1.6	-0.0801	4.656
0.053700000000000005	1.26	-1.44	-0.06006	4.656
0.05375	1.28	-1.6	-0.0801	5.043
0.0538	1.26	-1.44	-0.06006	5.043
0.05385	1.28	-1.6	-0.0801	4.656
0.0539	1.26	-1.44	-0.06006	5.043
0.053950000000000005	1.28	-1.6	-0.0801	4.656
0.054	1.26	-1.44	-0.06006	5.043
0.05405	1.28	-1.6	-0.0801	4.656
0.0541	1.26	-1.44	-0.06006	5.043
0.054150000000000004	1.28	-1.6	-0.1001	4.656
0.054200000000000005	1.28	-1.44	-0.06006	4.656
0.05425	1.26	-1.6	-0.1001	5.043
0.0543	1.26	-1.44	-0.06006	5.043
0.05435	1.28	-1.6	-0.1001	4.656
0.054400000000000004	1.26	-1.44	-0.06006	4.656
0.054450000000000005	1.26	-1.6	-0.1001	5.043
0.0545	1.26	-1.44	-0.06006	4.656
0.05455	1.28	-1.6	-0.1001	5.043
0.0546	1.26	-1.44	-0.1001	5.043
0.054650000000000004	1.28	-1.6	-0.06006	4.656
0.054700000000000006	1.26	-1.5205	-0.1001	5.043
0.05475	1.26	-1.44	-0.06006	4.656
0.0548	1.26	-1.5205	-0.1001	4.656
0.05485	1.28	-1.44	-0.0801	5.043
0.054900000000000004	1.26	-1.44	-0.1001	4.656
0.054950000000000006	1.28	-1.5205	-0.0801	5.043
0.055	1.26	-1.44	-0.0801	4.656
0.05505	1.28	-1.5205	-0.1001	5.043
0.0551	1.26	-1.5205	-0.0801	4.656
0.055150000000000005	1.26	-1.44	-0.1001	5.043
0.055200000000000006	1.26	-1.44	-0.1001	4.656
0.05525	1.28	-1.5205	-0.0801	5.043
0.0553	1.26	-1.44	-0.0801	4.656
0.05535	1.28	-1.5205	-0.1401	5.043
0.055400000000000005	1.26	-1.5205	-0.0801	5.043
0.05545	1.26	-1.44	-0.1401	4.656
0.0555	1.26	-1.44	-0.0801	5.043
0.05555	1.28	-1.5205	-0.1401	4.656
0.055600000000000004	1.28	-1.44	-0.1401	5.043
0.055650000000000005	1.22	-1.5205	-0.0801	4.656
0.0557	1.26	-1.44	-0.1201	4.656
0.05575	1.22	-1.5205	-0.1401	5.043
0.0558	1.22	-1.44	-0.1201	5.043
0.055850000000000004	1.26	-1.5205	-0.1401	4.656
0.055900000000000005	1.22	-1.44	-0.1201	5.043
0.05595	1.26	-1.5205	-0.1401	4.656
0.056	1.22	-1.44	-0.1602	5.043
0.05605	1.26	-1.5205	-0.1201	4.656
0.056100000000000004	1.22	-1.44	-0.1201	5.043
0.056150000000000005	1.26	-1.5205	-0.1602	4.656
0.0562	1.24	-1.44	-0.1602	5.043
0.05625	1.22	-1.5205	-0.1201	4.656
0.0563	1.22	-1.44	-0.1602	4.656
0.056350000000000004	1.24	-1.5205	-0.1401	5.043
0.056400000000000006	1.22	-1.44	-0.1602	5.043
0.05645	1.24	-1.5205	-0.1401	4.656
0.0565	1.24	-1.5205	-0.1401	5.043
0.05655	1.22	-1.44	-0.1802	4.656
0.056600000000000004	1.22	-1.44	-0.1401	5.043
0.056650000000000006	1.24	-1.5205	-0.2002	4.656
0.0567	1.22	-1.44	-0.2002	5.043
0.05675	1.24	-1.5205	-0.1401	4.656
0.0568	1.24	-1.44	-0.2002	5.043
0.056850000000000005	1.22	-1.5205	-0.1602	4.656
0.056900000000000006	1.24	-1.44	-0.1802	5.043
0.05695	1.22	-1.5205	-0.2002	4.656
0.057	1.22	-1.44	-0.1802	4.656
0.057050000000000003	1.24	-1.5205	-0.2202	5.043
0.057100000000000005	1.24	-1.44	-0.1802	4.656
0.05715	1.22	-1.5205	-0.2202	5.043
0.0572	1.22	-1.44	-0.2202	4.656
0.05725	1.24	-1.5205	-0.1802	5.043
0.057300000000000004	1.24	-1.44	-0.2002	4.656
0.057350000000000005	1.2	-1.5205	-0.2603	5.043
0.0574	1.2	-1.44	-0.2002	5.043
0.05745	1.24	-1.5205	-0.2603	4.656
0.0575	1.2	-1.5205	-0.2002	4.656
0.057550000000000004	1.24	-1.44	-0.2603	5.043
0.057600000000000005	1.2	-1.44	-0.2603	5.043
0.05765	1.2	-1.5205	-0.2002	4.656
0.0577	1.2	-1.44	-0.2402	4.656
0.05775	1.22	-1.5205	-0.2603	5.043
0.057800000000000004	1.2	-1.44	-0.2402	5.043
0.057850000000000006	1.22	-1.5205	-0.28	4.656
0.0579	1.2	-1.5205	-0.2402	4.656
0.05795	1.22	-1.44	-0.28	5.043
0.058	1.2	-1.44	-0.28	4.656
0.058050000000000004	1.2	-1.5205	-0.2603	5.043
0.058100000000000006	1.2	-1.44	-0.2603	5.043
0.05815	1.22	-1.5205	-0.3	4.656
0.0582	1.2	-1.44	-0.2603	4.656
0.05825	1.22	-1.5205	-0.32	5.043
0.058300000000000005	1.22	-1.5205	-0.32	4.656
0.058350000000000006	1.16	-1.44	-0.2603	5.043
0.0584	1.16	-1.44	-0.3	4.656
0.05845	1.2	-1.5205	-0.32	5.043
0.0585	1.18	-1.44	-0.3	4.656
0.058550000000000005	1.16	-1.5205	-0.34	5.043
0.058600000000000006	1.18	-1.44	-0.3	4.656
0.05865	1.16	-1.5205	-0.34	5.043
0.0587	1.16	-1.44	-0.34	4.656
0.058750000000000004	1.2	-1.5205	-0.32	5.043
0.058800000000000005	1.18	-1.5205	-0.32	4.656
0.05885	1.16	-1.44	-0.3801	5.043
0.0589	1.16	-1.5205	-0.32	5.043
0.05895	1.18	-1.44	-0.3801	4.656
0.059000000000000004	1.16	-1.5205	-0.36	4.656
0.059050000000000005	1.18	-1.44	-0.4001	5.043
0.0591	1.18	-1.44	-0.4001	4.656
0.05915	1.16	-1.5205	-0.36	5.043
0.0592	1.18	-1.44	-0.36	4.656
0.059250000000000004	1.14	-1.5205	-0.4202	5.043
0.059300000000000005	1.14	-1.44	-0.3801	5.043
0.05935	1.18	-1.5205	-0.4402	4.656
0.0594	1.14	-1.44	-0.3801	5.043
0.05945	1.16	-1.5205	-0.4402	4.656
0.059500000000000004	1.14	-1.5205	-0.4001	5.043
0.059550000000000006	1.16	-1.44	-0.4602	4.656
0.0596	1.14	-1.44	-0.4202	5.043
0.05965	1.16	-1.5205	-0.4602	4.656
0.0597	1.14	-1.44	-0.4602	4.656
0.059750000000000004	1.16	-1.5205	-0.4202	5.043
0.059800000000000006	1.16	-1.44	-0.4202	4.656
0.05985	1.14	-1.5205	-0.5	5.043
0.0599	1.16	-1.44	-0.4402	4.656
0.05995	1.14	-1.5205	-0.5	5.043
