seconds_pre_waveform_query	1729623915.8148422
seconds_post_waveform_query	1729623915.8617146
xzero1	0
xmultiplier1	5e-05
yzero1	0.864
ymultiplier1	0.008
transfer_duty_cycle	1.0
xzero2	0
xmultiplier2	5e-05
yzero2	0.32
ymultiplier2	0.08
xzero3	0
xmultiplier3	5e-05
yzero3	-0.74
ymultiplier3	0.02
xzero4	0
xmultiplier4	5e-05
yzero4	-0.0
ymultiplier4	0.388
/sillyscope/VISA/Device	'USB0::0x1AB1::0x04CE::DS1ZA204719905::INSTR'
/sillyscope/Acquire/Iterations	0
/sillyscope/Acquire/Trigger	False
/sillyscope/Acquire/Get_First_Header	True
/sillyscope/Acquire/Get_All_Headers	True
/sillyscope/Acquire/Discard_Identical	False
/sillyscope/Acquire/RIGOL1000BDE/Trigger_Delay	0.05
/sillyscope/Acquire/RIGOL1000BDE/Unlock	True
/sillyscope/Acquire/RIGOL1000Z/Always_Clear	True
DataboxPlot_Note	'Note'
self.combo_binary	0
self.combo_autoscript	1
self.button_enabled	True
self.button_multi	True
self.button_link_x	True
self.button_script	False
self.number_file	0
self.script	"x = ( d[0] )\ny = ( d[1], d[2], d[3], d[4] )\n\nxlabels = 'x'\nylabels = ( 'y1', 'y2', 'y3', 'y4' )\n"
self.number_history	0
self.text_log_note	'Note'

x	y1	y2	y3	y4
0.0	1.576	2.32	0.8	5.043
5e-05	1.592	2.4	0.84	4.656
0.0001	1.592	2.4	0.8	4.656
0.00015000000000000001	1.576	2.32	0.84	5.043
0.0002	1.592	2.4	0.84	5.043
0.00025	1.576	2.32	0.8	4.656
0.00030000000000000003	1.592	2.4	0.8	4.656
0.00035	1.576	2.32	0.84	5.043
0.0004	1.592	2.32	0.8	5.043
0.00045000000000000004	1.576	2.4	0.84	4.656
0.0005	1.592	2.4	0.8	5.043
0.00055	1.592	2.32	0.84	4.656
0.0006000000000000001	1.592	2.4	0.8	4.656
0.0006500000000000001	1.592	2.32	0.84	5.043
0.0007	1.592	2.32	0.8	4.656
0.00075	1.584	2.4	0.84	5.043
0.0008	1.592	2.4	0.8	4.656
0.0008500000000000001	1.584	2.32	0.84	5.043
0.0009000000000000001	1.592	2.32	0.84	5.043
0.00095	1.584	2.48	0.8	-0.388
0.001	1.592	2.32	0.8	-0.776
0.0010500000000000002	1.592	2.56	0.84	-5.43
0.0011	1.592	2.32	0.8	-5.43
0.00115	1.584	2.4	0.84	-5.043
0.0012000000000000001	1.592	2.4	0.8	-5.43
0.00125	1.576	2.32	0.84	-5.043
0.0013000000000000002	1.592	2.32	0.8	-5.43
0.00135	1.576	2.4	0.84	-5.043
0.0014	1.584	2.4	0.8	-5.43
0.0014500000000000001	1.576	2.32	0.84	-5.043
0.0015	1.584	2.4	0.8	-5.43
0.0015500000000000002	1.576	2.32	0.8203	-5.043
0.0016	1.584	2.32	0.8203	-5.43
0.00165	1.576	2.4	0.8	-5.043
0.0017000000000000001	1.584	2.4	0.8	-5.43
0.00175	1.576	2.32	0.8203	-5.043
0.0018000000000000002	1.576	2.32	0.8203	-5.43
0.00185	1.584	2.4	0.8	-5.043
0.0019	1.584	2.32	0.8	-5.043
0.0019500000000000001	1.576	2.4	0.8203	-5.43
0.002	1.576	2.32	0.8	-5.43
0.00205	1.584	2.4	0.8203	-5.043
0.0021000000000000003	1.584	2.32	0.8203	-5.43
0.00215	1.576	2.4	0.76	-5.043
0.0022	1.584	2.4	0.8203	-5.043
0.0022500000000000003	1.576	2.32	0.7803	-5.43
0.0023	1.576	2.32	0.7803	-5.43
0.00235	1.584	2.4	0.8203	-5.043
0.0024000000000000002	1.576	2.4	0.8203	-5.43
0.00245	1.584	2.32	0.76	-5.043
0.0025	1.584	2.4	0.76	-5.043
0.00255	1.576	2.24	0.8203	-5.43
0.0026000000000000003	1.584	2.4	0.76	-5.43
0.00265	1.576	2.24	0.8203	-5.043
0.0027	1.584	2.24	0.8203	-5.043
0.0027500000000000003	1.576	2.4	0.76	-5.43
0.0028	1.584	2.24	0.76	-5.43
0.00285	1.568	2.32	0.8203	-5.043
0.0029000000000000002	1.568	2.24	0.7803	-5.43
0.00295	1.584	2.32	0.76	-5.043
0.003	1.576	2.24	0.7803	-5.43
0.00305	1.568	2.32	0.76	-5.043
0.0031000000000000003	1.568	2.24	0.7803	-5.43
0.00315	1.576	2.32	0.76	-5.043
0.0032	1.568	2.24	0.7803	-5.43
0.0032500000000000003	1.576	2.32	0.76	-5.043
0.0033	1.568	2.24	0.7803	-5.43
0.00335	1.576	2.32	0.74	-5.043
0.0034000000000000002	1.568	2.32	0.7803	-5.43
0.0034500000000000004	1.576	2.24	0.74	-5.043
0.0035	1.576	2.24	0.7803	-5.043
0.00355	1.568	2.32	0.74	-5.43
0.0036000000000000003	1.568	2.32	0.7803	-5.43
0.00365	1.576	2.24	0.74	-5.043
0.0037	1.568	2.32	0.74	-5.43
0.0037500000000000003	1.576	2.16	0.7803	-5.043
0.0038	1.576	2.24	0.74	-5.43
0.00385	1.568	2.32	0.7803	-5.043
0.0039000000000000003	1.576	2.08	0.74	-5.43
0.00395	1.561	2.32	0.7803	-5.043
0.004	1.576	2.32	0.76	-5.43
0.00405	1.561	2.08	0.74	-5.043
0.0041	1.568	2.08	0.74	-5.043
0.00415	1.561	2.32	0.76	-5.43
0.004200000000000001	1.561	2.32	0.74	-5.043
0.00425	1.568	2.08	0.76	-5.43
0.0043	1.568	2.32	0.76	-5.043
0.004350000000000001	1.561	2.08	0.7197	-5.43
0.0044	1.568	2.08	0.76	-5.43
0.00445	1.561	2.24	0.7	-5.043
0.0045000000000000005	1.568	2.08	0.76	-5.43
0.00455	1.553	2.16	0.7	-5.043
0.0046	1.561	2.08	0.7197	-5.43
0.0046500000000000005	1.553	2.16	0.7	-5.043
0.0047	1.553	2.08	0.7197	-5.043
0.00475	1.561	2.16	0.7	-5.43
0.0048000000000000004	1.561	2.08	0.7197	-5.43
0.00485	1.544	2.16	0.6797	-5.043
0.0049	1.544	2.16	0.6797	-5.43
0.00495	1.544	2.08	0.7197	-5.043
0.005	1.544	2.16	0.7	-5.043
0.005050000000000001	1.536	2.08	0.6797	-5.43
0.0051	1.544	2.08	0.7	-5.043
0.00515	1.527	2.16	0.6396	-5.43
0.005200000000000001	1.536	2.16	0.7	-5.43
0.00525	1.527	2.08	0.6396	-5.043
0.0053	1.536	2.16	0.6396	-5.43
0.005350000000000001	1.52	2.08	0.7	-5.043
0.0054	1.527	2.16	0.66	-5.43
0.00545	1.52	2.08	0.62	-5.043
0.0055000000000000005	1.527	2.08	0.66	-5.43
0.00555	1.512	2.16	0.5996	-5.043
0.0056	1.512	2.16	0.6396	-5.43
0.0056500000000000005	1.52	2.0	0.58	-5.043
0.0057	1.52	2.16	0.6396	-5.043
0.00575	1.504	2.08	0.58	-5.43
0.0058000000000000005	1.512	2.16	0.6396	-5.43
0.00585	1.496	2.08	0.5596	-5.043
0.0059	1.496	2.16	0.5996	-5.43
0.00595	1.496	2.0	0.54	-5.043
0.006	1.496	2.0	0.58	-5.043
0.006050000000000001	1.48	2.16	0.5	-5.43
0.0061	1.488	2.0	0.58	-5.43
0.00615	1.473	2.08	0.5	-5.043
0.006200000000000001	1.48	2.0	0.54	-5.43
0.00625	1.464	2.08	0.4805	-5.043
0.0063	1.473	2.0	0.5205	-5.43
0.006350000000000001	1.456	2.08	0.4404	-5.043
0.0064	1.464	2.0	0.5205	-5.43
0.00645	1.448	2.08	0.42	-5.043
0.006500000000000001	1.448	2.08	0.4805	-5.43
0.00655	1.432	2.0	0.38	-5.043
0.0066	1.439	2.0	0.46	-5.43
0.0066500000000000005	1.424	2.08	0.3604	-5.043
0.0067	1.432	2.0	0.42	-5.43
0.00675	1.408	2.08	0.3203	-5.043
0.0068000000000000005	1.416	2.0	0.4004	-5.43
0.00685	1.4	2.08	0.2803	-5.043
0.006900000000000001	1.4	2.0	0.3604	-5.43
0.0069500000000000004	1.384	2.08	0.2598	-5.043
0.007	1.393	2.0	0.3203	-5.43
0.007050000000000001	1.368	2.08	0.2002	-5.043
0.0071	1.376	2.0	0.2803	-5.43
0.00715	1.359	2.08	0.1602	-5.043
0.007200000000000001	1.368	2.0	0.2397	-5.43
0.00725	1.344	2.08	0.1001	-5.043
0.0073	1.352	2.08	0.2197	-5.43
0.007350000000000001	1.328	2.0	0.0801	-5.043
0.0074	1.336	2.0	0.1602	-5.043
0.00745	1.3125	2.08	0.02002	-5.43
0.007500000000000001	1.32	2.08	0.1201	-5.43
0.00755	1.288	1.841	-0.02002	-5.043
0.0076	1.296	2.08	0.06006	-5.43
0.0076500000000000005	1.28	1.841	-0.06006	-5.043
0.0077	1.288	1.841	0.0	-5.043
0.00775	1.271	2.08	-0.1401	-5.43
0.0078000000000000005	1.28	1.921	-0.04004	-5.43
0.007850000000000001	1.256	1.841	-0.1802	-5.043
0.0079	1.256	1.921	-0.0801	-5.43
0.00795	1.224	1.841	-0.2402	-5.043
0.008	1.232	1.841	-0.1401	-5.43
0.00805	1.208	1.921	-0.28	-5.043
0.0081	1.208	1.921	-0.2002	-5.43
0.008150000000000001	1.184	1.841	-0.32	-5.043
0.0082	1.191	1.921	-0.2603	-5.43
0.00825	1.176	1.841	-0.36	-5.043
0.0083	1.184	1.841	-0.3	-5.43
0.00835	1.168	1.921	-0.4402	-5.043
0.008400000000000001	1.176	1.921	-0.3801	-5.43
0.008450000000000001	1.152	1.841	-0.4602	-5.043
0.0085	1.144	1.921	-0.4202	-5.43
0.00855	1.168	1.841	-0.5	-5.043
0.0086	1.168	1.921	-0.4802	-5.43
0.00865	1.271	1.841	-0.56	-5.043
0.008700000000000001	1.28	1.921	-0.54	-5.43
0.00875	1.176	1.841	-0.62	-5.043
0.0088	1.184	1.921	-0.6	-5.43
0.00885	1.104	1.841	-0.64	-5.043
0.0089	1.104	1.921	-0.62	-5.43
0.00895	1.088	1.841	-0.7	-5.043
0.009000000000000001	1.08	1.921	-0.68	-5.43
0.00905	1.104	1.841	-0.74	-5.043
0.0091	1.104	1.921	-0.72	-5.43
0.00915	1.224	1.841	-0.8003	-5.043
0.0092	1.248	1.921	-0.74	-5.43
0.009250000000000001	1.12	1.841	-0.8203	-5.043
0.009300000000000001	1.12	1.921	-0.8003	-5.43
0.00935	1.032	1.761	-0.8604	-5.043
0.0094	1.04	1.921	-0.8403	-5.43
0.00945	0.9917	1.761	-0.8804	-5.043
0.0095	1.0	1.761	-0.8604	-5.43
0.009550000000000001	0.9756	1.841	-0.9204	-5.043
0.009600000000000001	0.9756	1.761	-0.9004	-5.43
0.00965	0.9517	1.841	-0.9404	-5.043
0.0097	0.96	1.761	-0.9404	-5.43
0.00975	0.9517	1.841	-0.9204	-5.043
0.0098	0.96	1.761	-0.9204	-5.43
0.009850000000000001	0.944	1.841	-0.9805	-5.043
0.0099	0.9517	1.761	-0.9204	-5.043
0.00995	0.9917	1.841	-0.9805	-5.43
0.01	1.023	1.761	-0.9805	-5.43
0.01005	0.984	1.841	-0.9204	-5.043
0.010100000000000001	0.984	1.761	-0.9604	-5.43
0.010150000000000001	0.9517	1.841	-0.9204	-5.043
0.0102	0.9517	1.761	-0.9404	-5.43
0.01025	0.96	1.841	-0.9004	-5.043
0.0103	0.9517	1.761	-0.9204	-5.43
0.01035	0.968	1.841	-0.8604	-5.043
0.010400000000000001	0.968	1.761	-0.9204	-5.43
0.010450000000000001	0.984	1.841	-0.8403	-5.043
0.0105	0.9756	1.761	-0.8804	-5.043
0.01055	0.9917	1.841	-0.8003	-5.43
0.0106	0.984	1.761	-0.8604	-5.043
0.01065	1.008	1.841	-0.7803	-5.43
0.010700000000000001	1.0	1.761	-0.8003	-5.43
0.010750000000000001	1.016	1.841	-0.72	-5.043
0.0108	1.023	1.761	-0.7603	-5.43
0.01085	1.04	1.841	-0.68	-5.043
0.0109	1.032	1.761	-0.7	-5.43
0.01095	1.056	1.841	-0.62	-5.043
0.011000000000000001	1.056	1.841	-0.64	-5.43
0.01105	1.08	1.601	-0.56	-5.043
0.0111	1.072	1.601	-0.62	-5.43
0.01115	1.096	1.841	-0.52	-5.043
0.0112	1.088	1.761	-0.54	-5.043
0.011250000000000001	1.128	1.601	-0.4402	-5.43
0.011300000000000001	1.12	1.601	-0.4602	-5.43
0.01135	1.144	1.681	-0.3801	-5.043
0.0114	1.136	1.601	-0.4001	-5.43
0.01145	1.16	1.681	-0.34	-5.043
0.0115	1.152	1.681	-0.34	-5.043
0.011550000000000001	1.184	1.601	-0.2603	-5.43
0.011600000000000001	1.176	1.681	-0.28	-5.43
0.01165	1.208	1.601	-0.2002	-5.043
0.0117	1.2	1.601	-0.2202	-5.43
0.01175	1.232	1.681	-0.1401	-5.043
0.0118	1.224	1.681	-0.1602	-5.43
0.011850000000000001	1.248	1.601	-0.0801	-5.043
0.0119	1.256	1.681	-0.1001	-5.43
0.01195	1.28	1.601	-0.02002	-5.043
0.012	1.271	1.681	-0.06006	-5.043
0.01205	1.296	1.601	0.04004	-5.43
0.012100000000000001	1.288	1.601	-0.02002	-5.043
0.012150000000000001	1.32	1.681	0.06006	-5.43
0.0122	1.3125	1.681	0.04004	-5.43
0.01225	1.336	1.601	0.1201	-5.043
0.0123	1.328	1.601	0.0801	-5.43
0.01235	1.352	1.681	0.1602	-5.043
0.012400000000000001	1.352	1.601	0.1401	-5.43
0.012450000000000001	1.368	1.681	0.2197	-5.043
0.0125	1.359	1.5205	0.1602	-5.43
0.01255	1.384	1.681	0.2397	-5.043
0.0126	1.376	1.681	0.2197	-5.043
0.01265	1.393	1.5205	0.2803	-5.43
0.012700000000000001	1.384	1.681	0.2598	-5.43
0.012750000000000001	1.4	1.5205	0.2998	-5.043
0.0128	1.4	1.681	0.2998	-5.43
0.01285	1.393	1.5205	0.2598	-5.043
0.0129	1.393	1.5205	0.2803	-5.43
0.012950000000000001	1.416	1.681	0.3398	-5.043
0.013000000000000001	1.408	1.5205	0.2803	-5.43
0.01305	1.416	1.601	0.3398	-5.043
0.0131	1.416	1.5205	0.3398	-5.43
0.01315	1.4	1.601	0.2803	-5.043
0.0132	1.4	1.5205	0.2803	-5.43
0.013250000000000001	1.4	1.601	0.3398	-5.043
0.013300000000000001	1.4	1.5205	0.2998	-5.043
0.01335	1.384	1.601	0.2598	-5.43
0.0134	1.393	1.5205	0.2998	-5.043
0.01345	1.376	1.601	0.2197	-5.43
0.0135	1.384	1.5205	0.2803	-5.43
0.013550000000000001	1.359	1.601	0.2002	-5.043
0.013600000000000001	1.368	1.5205	0.2397	-5.43
0.01365	1.336	1.601	0.1401	-5.043
0.0137	1.344	1.601	0.1802	-5.43
0.01375	1.32	1.5205	0.0801	-5.043
0.013800000000000002	1.32	1.5205	0.1201	-5.43
0.013850000000000001	1.288	1.601	0.02002	-5.043
0.013900000000000001	1.296	1.5205	0.1001	-5.43
0.01395	1.264	1.601	-0.04004	-5.043
0.014	1.264	1.5205	0.02002	-5.43
0.01405	1.232	1.601	-0.1401	-5.043
0.014100000000000001	1.24	1.5205	-0.06006	-5.43
0.014150000000000001	1.208	1.601	-0.2402	-5.043
0.0142	1.2	1.601	-0.1401	-5.043
0.01425	1.168	1.44	-0.34	-5.43
0.0143	1.176	1.601	-0.2402	-5.43
0.01435	1.128	1.36	-0.4202	-5.043
0.014400000000000001	1.136	1.601	-0.36	-5.43
0.014450000000000001	1.088	1.36	-0.56	-5.043
0.0145	1.096	1.601	-0.4402	-5.43
0.01455	1.048	1.36	-0.68	-5.043
0.0146	1.056	1.36	-0.58	-5.43
0.014650000000000002	1.0	1.5205	-0.7803	-5.043
0.014700000000000001	1.008	1.44	-0.68	-5.43
0.014750000000000001	0.968	1.36	-0.9204	-5.043
0.0148	0.968	1.36	-0.8003	-5.43
0.01485	0.9277	1.44	-1.04	-5.043
0.0149	0.9355	1.36	-0.9204	-5.43
0.014950000000000001	0.8877	1.44	-1.181	-5.043
0.015000000000000001	0.8877	1.44	-1.04	-5.43
0.015050000000000001	0.84	1.36	-1.301	-5.043
0.0151	0.8477	1.44	-1.141	-5.43
0.01515	0.8076	1.36	-1.381	-5.043
0.0152	0.8076	1.36	-1.26	-5.43
0.015250000000000001	0.776	1.44	-1.5205	-5.043
0.015300000000000001	0.776	1.44	-1.381	-5.43
0.01535	0.7437	1.36	-1.601	-5.043
0.0154	0.752	1.36	-1.48	-5.043
0.01545	0.712	1.44	-1.721	-5.43
0.0155	0.7197	1.44	-1.561	-5.43
0.015550000000000001	0.6875	1.36	-1.801	-5.043
0.015600000000000001	0.696	1.36	-1.66	-5.43
0.01565	0.672	1.44	-1.86	-5.043
0.015700000000000002	0.6797	1.36	-1.74	-5.43
0.01575	0.656	1.44	-1.961	-5.043
0.0158	0.6636	1.44	-1.841	-5.043
0.01585	0.656	1.36	-2.02	-5.43
0.0159	0.6636	1.44	-1.9	-5.43
0.015950000000000002	0.6475	1.36	-2.04	-5.043
0.016	0.6475	1.44	-1.961	-5.043
0.016050000000000002	0.6636	1.36	-2.121	-5.43
0.0161	0.6636	1.36	-1.98	-5.43
0.01615	0.7197	1.44	-2.16	-5.043
0.0162	0.7197	1.44	-2.02	-5.043
0.01625	0.9517	1.28	-2.2	-5.43
0.016300000000000002	0.9517	1.44	-2.08	-5.43
0.01635	0.76	1.28	-2.2	-5.043
0.0164	0.76	1.28	-2.102	-5.43
0.01645	0.8877	1.36	-2.2	-5.043
0.0165	0.856	1.28	-2.121	-5.43
0.016550000000000002	0.6396	1.36	-2.24	-5.043
0.0166	0.6475	1.36	-2.22	-5.43
0.01665	0.592	1.28	-2.121	-5.043
0.0167	0.584	1.36	-2.2	-5.043
0.01675	0.6157	1.28	-2.121	-5.43
0.016800000000000002	0.632	1.28	-2.18	-5.43
0.01685	0.584	1.36	-2.121	-5.043
0.016900000000000002	0.584	1.28	-2.18	-5.43
0.01695	0.5596	1.36	-2.121	-5.043
0.017	0.5674	1.28	-2.14	-5.43
0.01705	0.5596	1.36	-2.102	-5.043
0.0171	0.5596	1.28	-2.121	-5.43
0.017150000000000002	0.5757	1.36	-2.06	-5.043
0.0172	0.5674	1.28	-2.08	-5.43
0.01725	0.584	1.36	-2.04	-5.043
0.0173	0.584	1.36	-2.06	-5.43
0.01735	0.5996	1.28	-1.98	-5.043
0.017400000000000002	0.592	1.28	-2.0	-5.43
0.01745	0.6157	1.36	-1.921	-5.043
0.0175	0.6074	1.28	-1.961	-5.43
0.01755	0.632	1.36	-1.86	-5.043
0.0176	0.632	1.28	-1.881	-5.043
0.017650000000000002	0.656	1.36	-1.801	-5.43
0.0177	0.6475	1.28	-1.82	-5.43
0.017750000000000002	0.6797	1.36	-1.721	-5.043
0.0178	0.6797	1.28	-1.721	-5.43
0.01785	0.7036	1.36	-1.621	-5.043
0.0179	0.696	1.36	-1.66	-5.43
0.01795	0.7275	1.12	-1.5205	-5.043
0.018000000000000002	0.7275	1.36	-1.541	-5.43
0.01805	0.7676	1.12	-1.44	-5.043
0.0181	0.76	1.2	-1.461	-5.043
0.01815	0.8	1.12	-1.32	-5.43
0.0182	0.792	1.12	-1.34	-5.43
0.018250000000000002	0.8315	1.2	-1.2	-5.043
0.0183	0.8315	1.12	-1.221	-5.43
0.01835	0.8877	1.2	-1.08	-5.043
0.0184	0.88	1.2	-1.101	-5.043
0.01845	0.92	1.12	-0.9604	-5.43
0.018500000000000003	0.92	1.12	-0.9805	-5.43
0.01855	0.968	1.2	-0.8403	-5.043
0.018600000000000002	0.96	1.2	-0.8604	-5.43
0.01865	1.008	1.12	-0.7	-5.043
0.0187	1.0	1.12	-0.74	-5.43
0.01875	1.056	1.2	-0.56	-5.043
0.0188	1.048	1.2	-0.6	-5.043
0.018850000000000002	1.096	1.12	-0.4402	-5.43
0.0189	1.088	1.12	-0.4602	-5.043
0.01895	1.144	1.2	-0.32	-5.43
0.019	1.136	1.2	-0.36	-5.43
0.01905	1.184	1.12	-0.2402	-5.043
0.019100000000000002	1.176	1.12	-0.2603	-5.43
0.01915	1.232	1.2	-0.1201	-5.043
0.019200000000000002	1.224	1.2	-0.1401	-5.43
0.01925	1.256	1.12	-0.02002	-5.043
0.0193	1.264	1.12	-0.04004	-5.043
0.019350000000000003	1.296	1.2	0.06006	-5.43
0.0194	1.288	1.12	0.06006	-5.43
0.019450000000000002	1.328	1.2	0.1602	-5.043
0.0195	1.328	1.2	0.1401	-5.43
0.01955	1.368	1.12	0.2397	-5.043
0.0196	1.359	1.2	0.2002	-5.43
0.01965	1.384	1.04	0.2998	-5.043
0.019700000000000002	1.376	1.04	0.2803	-5.043
0.01975	1.416	1.2	0.3604	-5.43
0.0198	1.408	1.04	0.3398	-5.43
0.01985	1.432	1.2	0.42	-5.043
0.0199	1.424	1.12	0.4004	-5.43
0.019950000000000002	1.448	1.04	0.46	-5.043
0.02	1.448	1.04	0.4404	-5.43
0.020050000000000002	1.464	1.12	0.5	-5.043
0.0201	1.456	1.04	0.46	-5.43
0.02015	1.48	1.12	0.5205	-5.043
0.020200000000000003	1.473	1.04	0.5	-5.043
0.02025	1.488	1.12	0.5596	-5.43
0.020300000000000002	1.48	1.04	0.58	-5.43
0.02035	1.496	1.12	0.5205	-5.043
0.0204	1.488	1.04	0.5596	-5.43
0.02045	1.512	1.12	0.5996	-5.043
0.0205	1.512	1.12	0.5996	-5.43
0.020550000000000002	1.504	1.04	0.58	-5.043
0.0206	1.504	1.04	0.6396	-5.43
0.02065	1.52	1.12	0.58	-5.043
0.0207	1.512	1.04	0.6396	-5.043
0.02075	1.52	1.12	0.5996	-5.43
0.020800000000000003	1.512	1.12	0.62	-5.43
0.02085	1.52	0.96	0.66	-5.043
0.020900000000000002	1.512	1.04	0.62	-5.43
0.02095	1.527	1.12	0.66	-5.043
0.021	1.527	1.04	0.62	-5.043
0.021050000000000003	1.52	1.12	0.66	-5.43
0.0211	1.52	1.04	0.66	-5.43
0.021150000000000002	1.527	1.12	0.6396	-5.043
0.0212	1.527	1.04	0.66	-5.043
0.02125	1.52	1.12	0.6396	-5.43
0.0213	1.527	1.12	0.66	-5.43
0.02135	1.52	0.88	0.6396	-5.043
0.021400000000000002	1.527	1.12	0.66	-5.43
0.02145	1.52	0.88	0.6396	-5.043
0.021500000000000002	1.527	0.88	0.66	-5.43
0.02155	1.52	1.12	0.6396	-5.043
0.0216	1.527	0.88	0.66	-5.43
0.021650000000000003	1.52	0.96	0.6396	-5.043
0.0217	1.52	0.88	0.66	-5.43
0.021750000000000002	1.527	0.96	0.6396	-5.043
0.0218	1.52	0.96	0.6396	-5.43
0.02185	1.527	0.88	0.66	-5.043
0.0219	1.52	0.88	0.66	-5.43
0.02195	1.527	0.96	0.6396	-5.043
0.022000000000000002	1.52	0.96	0.66	-5.43
0.02205	1.527	0.88	0.6396	-5.043
0.0221	1.527	0.88	0.66	-5.43
0.02215	1.52	0.96	0.6396	-5.043
0.0222	1.52	0.96	0.66	-5.043
0.022250000000000002	1.527	0.88	0.6396	-5.43
0.0223	1.52	0.88	0.66	-5.43
0.022350000000000002	1.527	0.96	0.6396	-5.043
0.0224	1.527	0.88	0.6396	-5.43
0.02245	1.52	0.96	0.66	-5.043
0.022500000000000003	1.527	0.96	0.66	-5.43
0.02255	1.52	0.88	0.6396	-5.043
0.022600000000000002	1.527	0.96	0.66	-5.43
0.02265	1.52	0.88	0.6396	-5.043
0.0227	1.527	0.96	0.66	-5.43
0.02275	1.52	0.88	0.6396	-5.043
0.0228	1.527	0.96	0.66	-5.043
0.022850000000000002	1.512	0.88	0.6396	-5.43
0.0229	1.527	0.96	0.66	-5.43
0.02295	1.512	0.88	0.62	-5.043
0.023	1.512	0.96	0.66	-5.43
0.02305	1.52	0.8	0.62	-5.043
0.023100000000000002	1.512	0.96	0.66	-5.043
0.02315	1.52	0.8	0.62	-5.43
0.023200000000000002	1.512	0.96	0.66	-5.043
0.02325	1.52	0.8	0.62	-5.43
0.0233	1.52	0.8	0.62	-5.43
0.023350000000000003	1.512	0.88	0.66	-5.043
0.0234	1.52	0.8	0.62	-5.43
0.023450000000000002	1.512	0.88	0.66	-5.043
0.0235	1.52	0.88	0.62	-5.43
0.02355	1.512	0.8	0.66	-5.043
0.0236	1.52	0.8	0.62	-5.43
0.02365	1.512	0.88	0.66	-5.043
0.023700000000000002	1.52	0.8	0.66	-5.043
0.02375	1.512	0.88	0.62	-5.43
0.0238	1.512	0.8	0.62	-5.43
0.02385	1.52	0.88	0.66	-5.043
0.0239	1.512	0.8	0.62	-5.43
0.023950000000000003	1.52	0.88	0.6396	-5.043
0.024	1.512	0.8	0.6396	-5.43
0.024050000000000002	1.52	0.88	0.62	-5.043
0.0241	1.52	0.8	0.62	-5.43
0.02415	1.512	0.88	0.6396	-5.043
0.024200000000000003	1.52	0.8	0.62	-5.043
0.02425	1.504	0.88	0.6396	-5.43
0.024300000000000002	1.52	0.8	0.6396	-5.043
0.02435	1.504	0.88	0.5996	-5.43
0.0244	1.504	0.8	0.6396	-5.043
0.02445	1.52	0.88	0.5996	-5.43
0.0245	1.504	0.8	0.6396	-5.43
0.024550000000000002	1.52	0.88	0.58	-5.043
0.0246	1.504	0.8	0.6396	-5.43
0.024650000000000002	1.512	0.88	0.58	-5.043
0.0247	1.512	0.8	0.6396	-5.43
0.02475	1.504	0.88	0.58	-5.043
0.024800000000000003	1.504	0.88	0.6396	-5.043
0.02485	1.512	0.64	0.58	-5.43
0.024900000000000002	1.504	0.64	0.58	-5.043
0.02495	1.512	0.88	0.6396	-5.43
0.025	1.504	0.72	0.6396	-5.43
0.025050000000000003	1.512	0.64	0.58	-5.043
0.0251	1.504	0.72	0.5996	-5.43
0.025150000000000002	1.512	0.64	0.58	-5.043
0.0252	1.504	0.72	0.5996	-5.043
0.02525	1.512	0.64	0.58	-5.43
0.0253	1.504	0.64	0.5996	-5.43
0.02535	1.512	0.72	0.58	-5.043
0.025400000000000002	1.504	0.72	0.5996	-5.43
0.02545	1.512	0.64	0.58	-5.043
0.025500000000000002	1.512	0.72	0.5996	-5.43
0.02555	1.504	0.64	0.58	-5.043
0.0256	1.504	0.72	0.5996	-5.43
0.025650000000000003	1.512	0.64	0.58	-5.043
0.0257	1.512	0.72	0.5996	-5.043
0.025750000000000002	1.504	0.64	0.58	-5.43
0.0258	1.504	0.72	0.5996	-5.43
0.02585	1.512	0.64	0.58	-5.043
0.025900000000000003	1.504	0.64	0.5996	-5.43
0.02595	1.512	0.72	0.58	-5.043
0.026000000000000002	1.504	0.72	0.5996	-5.43
0.02605	1.512	0.64	0.58	-5.043
0.0261	1.504	0.64	0.5996	-5.043
0.02615	1.512	0.72	0.58	-5.43
0.0262	1.504	0.72	0.5996	-5.43
0.026250000000000002	1.512	0.64	0.5596	-5.043
0.0263	1.504	0.64	0.5996	-5.43
0.026350000000000002	1.512	0.72	0.5596	-5.043
0.0264	1.512	0.72	0.5596	-5.43
0.02645	1.496	0.56	0.5996	-5.043
0.026500000000000003	1.512	0.64	0.5596	-5.43
0.02655	1.496	0.72	0.5996	-5.043
0.026600000000000002	1.496	0.72	0.5996	-5.43
0.02665	1.512	0.56	0.5596	-5.043
0.0267	1.496	0.72	0.5996	-5.043
0.026750000000000003	1.496	0.56	0.5596	-5.43
0.0268	1.496	0.56	0.5596	-5.43
0.026850000000000002	1.496	0.64	0.5996	-5.043
0.0269	1.496	0.64	0.5596	-5.43
0.02695	1.488	0.56	0.5996	-5.043
0.027	1.496	0.64	0.5596	-5.43
0.02705	1.488	0.56	0.58	-5.043
0.027100000000000003	1.496	0.56	0.5596	-5.43
0.02715	1.488	0.64	0.58	-5.043
0.027200000000000002	1.496	0.56	0.58	-5.43
0.02725	1.488	0.64	0.5596	-5.043
0.0273	1.496	0.56	0.5596	-5.43
0.027350000000000003	1.496	0.64	0.58	-5.043
0.0274	1.496	0.56	0.58	-5.43
0.027450000000000002	1.496	0.64	0.54	-5.043
0.0275	1.496	0.64	0.58	-5.43
0.02755	1.48	0.56	0.5205	-5.043
0.027600000000000003	1.48	0.56	0.58	-5.43
0.02765	1.488	0.64	0.5205	-5.043
0.027700000000000002	1.488	0.56	0.5596	-5.43
0.02775	1.48	0.64	0.5205	-5.043
0.027800000000000002	1.488	0.56	0.54	-5.43
0.02785	1.48	0.64	0.5205	-5.043
0.0279	1.488	0.56	0.54	-5.43
0.027950000000000003	1.473	0.64	0.5	-5.043
0.028	1.473	0.56	0.5	-5.43
0.028050000000000002	1.48	0.64	0.54	-5.043
0.0281	1.48	0.64	0.5	-5.43
0.02815	1.464	0.48	0.5205	-5.043
0.028200000000000003	1.473	0.64	0.5205	-5.43
0.02825	1.456	0.48	0.46	-5.043
0.028300000000000002	1.464	0.4001	0.5205	-5.43
0.02835	1.448	0.64	0.4404	-5.043
0.0284	1.448	0.64	0.4805	-5.43
0.028450000000000003	1.432	0.4001	0.4404	-5.043
0.0285	1.439	0.4001	0.46	-5.43
0.028550000000000002	1.424	0.48	0.4004	-5.043
0.0286	1.432	0.48	0.42	-5.43
0.028650000000000002	1.416	0.4001	0.38	-5.043
0.0287	1.424	0.48	0.4004	-5.43
0.02875	1.4	0.4001	0.3398	-5.043
0.028800000000000003	1.4	0.48	0.3604	-5.43
0.02885	1.376	0.4001	0.2998	-5.043
0.028900000000000002	1.384	0.48	0.3398	-5.43
0.02895	1.359	0.4001	0.2598	-5.043
0.029	1.368	0.48	0.2803	-5.43
0.029050000000000003	1.336	0.4001	0.2197	-5.043
0.0291	1.344	0.4001	0.2397	-5.43
0.029150000000000002	1.32	0.48	0.1602	-5.043
0.0292	1.328	0.48	0.1802	-5.43
0.02925	1.288	0.4001	0.1201	-5.043
0.029300000000000003	1.296	0.48	0.1201	-5.43
0.02935	1.271	0.4001	0.04004	-5.043
0.029400000000000003	1.28	0.48	0.0801	-5.43
0.02945	1.24	0.4001	0.0	-5.043
0.029500000000000002	1.248	0.48	0.02002	-5.43
0.02955	1.224	0.4001	-0.06006	-5.043
0.0296	1.224	0.48	-0.02002	-5.43
0.029650000000000003	1.191	0.4001	-0.1001	-5.043
0.0297	1.2	0.4001	-0.0801	-5.043
0.029750000000000002	1.176	0.48	-0.1602	-5.43
0.0298	1.184	0.48	-0.1401	-5.43
0.02985	1.144	0.4001	-0.2202	-5.043
0.029900000000000003	1.152	0.48	-0.2002	-5.43
0.02995	1.128	0.32	-0.28	-5.043
0.030000000000000002	1.136	0.48	-0.2402	-5.43
0.03005	1.12	0.32	-0.32	-5.043
0.030100000000000002	1.12	0.32	-0.3	-5.43
0.03015	1.104	0.48	-0.3801	-5.043
0.0302	1.104	0.32	-0.32	-5.43
0.030250000000000003	1.088	0.4001	-0.4001	-5.043
0.0303	1.088	0.32	-0.36	-5.043
0.030350000000000002	1.096	0.4001	-0.4602	-5.43
0.0304	1.088	0.32	-0.3801	-5.43
0.03045	1.104	0.4001	-0.4802	-5.043
0.030500000000000003	1.096	0.4001	-0.4802	-5.43
0.03055	1.136	0.32	-0.3801	-5.043
0.030600000000000002	1.144	0.32	-0.3801	-5.43
0.03065	1.12	0.4001	-0.5	-5.043
0.0307	1.136	0.32	-0.5	-5.43
0.030750000000000003	1.208	0.4001	-0.3801	-5.043
0.0308	1.224	0.32	-0.5	-5.43
0.030850000000000002	1.176	0.4001	-0.3801	-5.043
0.0309	1.176	0.32	-0.4802	-5.43
0.030950000000000002	1.144	0.4001	-0.3801	-5.043
0.031	1.152	0.32	-0.4602	-5.43
0.03105	1.12	0.4001	-0.36	-5.043
0.031100000000000003	1.128	0.32	-0.4402	-5.43
0.03115	1.111	0.4001	-0.32	-5.043
0.031200000000000002	1.111	0.32	-0.4202	-5.43
0.03125	1.128	0.4001	-0.3	-5.043
0.0313	1.12	0.32	-0.4001	-5.43
0.03135	1.136	0.4001	-0.2402	-5.043
0.031400000000000004	1.128	0.32	-0.34	-5.43
0.03145	1.152	0.4001	-0.2202	-5.043
0.0315	1.144	0.32	-0.28	-5.043
0.03155	1.16	0.4001	-0.1802	-5.43
0.0316	1.168	0.32	-0.2402	-5.43
0.031650000000000005	1.191	0.4001	-0.1201	-5.043
0.0317	1.184	0.4001	-0.1802	-5.43
0.03175	1.208	0.16	-0.06006	-5.043
0.0318	1.208	0.4001	-0.1201	-5.43
0.03185	1.232	0.16	0.0	-5.043
0.031900000000000005	1.224	0.24	-0.0801	-5.43
0.03195	1.256	0.16	0.04004	-5.043
0.032	1.256	0.24	-0.02002	-5.43
0.03205	1.28	0.16	0.1001	-5.043
0.032100000000000004	1.271	0.24	0.04004	-5.043
0.032150000000000005	1.304	0.16	0.1602	-5.43
0.0322	1.304	0.24	0.1001	-5.43
0.03225	1.328	0.16	0.2002	-5.043
0.0323	1.32	0.24	0.1401	-5.43
0.032350000000000004	1.344	0.16	0.2397	-5.043
0.0324	1.336	0.24	0.2002	-5.43
0.03245	1.368	0.16	0.2803	-5.043
0.0325	1.359	0.24	0.2197	-5.43
0.03255	1.384	0.16	0.3203	-5.043
0.032600000000000004	1.376	0.16	0.2803	-5.43
0.03265	1.4	0.24	0.3604	-5.043
0.0327	1.393	0.24	0.3203	-5.043
0.03275	1.416	0.16	0.4004	-5.43
0.0328	1.408	0.24	0.3398	-5.43
0.032850000000000004	1.432	0.16	0.42	-5.043
0.0329	1.424	0.16	0.38	-5.43
0.03295	1.439	0.24	0.42	-5.043
0.033	1.432	0.24	0.46	-5.43
0.03305	1.448	0.16	0.4004	-5.043
0.033100000000000004	1.448	0.24	0.46	-5.43
0.03315	1.448	0.16	0.42	-5.043
0.0332	1.448	0.24	0.4404	-5.43
0.03325	1.464	0.16	0.4805	-5.043
0.0333	1.456	0.16	0.4805	-5.43
0.033350000000000005	1.473	0.24	0.4404	-5.043
0.0334	1.473	0.24	0.4805	-5.43
0.03345	1.464	0.16	0.46	-5.043
0.0335	1.473	0.24	0.46	-5.43
0.03355	1.464	0.0801	0.5205	-5.043
0.033600000000000005	1.464	0.0801	0.5205	-5.043
0.03365	1.48	0.16	0.46	-5.43
0.0337	1.48	0.0801	0.5205	-5.43
0.03375	1.473	0.16	0.4805	-5.043
0.033800000000000004	1.473	0.0801	0.5	-5.43
0.033850000000000005	1.48	0.16	0.5205	-5.043
0.0339	1.48	0.0801	0.5205	-5.43
0.03395	1.473	0.16	0.5	-5.043
0.034	1.473	0.0801	0.5	-5.043
0.034050000000000004	1.48	0.16	0.5205	-5.43
0.0341	1.48	0.16	0.5205	-5.43
0.03415	1.473	0.0801	0.5	-5.043
0.0342	1.48	0.0801	0.5205	-5.043
0.03425	1.473	0.16	0.5	-5.43
0.034300000000000004	1.48	0.0801	0.5	-5.043
0.03435	1.473	0.16	0.5205	-5.43
0.0344	1.473	0.0801	0.5	-5.043
0.03445	1.48	0.16	0.5205	-5.43
0.0345	1.48	0.0801	0.5	-5.43
0.034550000000000004	1.473	0.16	0.5205	-5.043
0.0346	1.48	0.0801	0.5	-5.43
0.03465	1.473	0.16	0.5205	-5.043
0.0347	1.48	0.0801	0.5205	-5.43
0.03475	1.473	0.16	0.5	-5.043
0.034800000000000005	1.473	0.0801	0.5	-5.43
0.03485	1.48	0.16	0.5205	-5.043
0.0349	1.48	0.0801	0.5	-5.43
0.03495	1.473	0.16	0.5205	-5.043
0.035	1.473	0.0801	0.5205	-5.43
0.035050000000000005	1.48	0.16	0.5	-5.043
0.0351	1.48	0.0801	0.5	-5.43
0.03515	1.473	0.16	0.5205	-5.043
0.0352	1.473	0.16	0.5205	-5.43
0.035250000000000004	1.48	-0.0801	0.5	-5.043
0.035300000000000005	1.48	0.16	0.5	-5.43
0.03535	1.464	-0.0801	0.5205	-5.043
0.0354	1.48	-0.0801	0.5205	-5.43
0.03545	1.464	0.0	0.5	-5.043
0.035500000000000004	1.464	0.0	0.5205	-5.43
0.03555	1.48	-0.0801	0.5	-5.043
0.0356	1.473	-0.0801	0.5205	-5.043
0.03565	1.464	0.0	0.46	-5.43
0.0357	1.473	0.0	0.5205	-5.43
0.035750000000000004	1.464	-0.0801	0.46	-5.043
0.0358	1.464	0.0	0.5205	-5.43
0.03585	1.473	-0.0801	0.46	-5.043
0.0359	1.464	0.0	0.5205	-5.43
0.03595	1.473	-0.0801	0.46	-5.043
0.036000000000000004	1.464	0.0	0.5205	-5.043
0.03605	1.473	-0.0801	0.46	-5.43
0.0361	1.464	0.0	0.5205	-5.43
0.03615	1.473	-0.0801	0.46	-5.043
0.0362	1.464	-0.0801	0.4805	-5.043
0.036250000000000004	1.473	0.0	0.46	-5.43
0.0363	1.473	0.0	0.4805	-5.043
0.03635	1.456	-0.0801	0.46	-5.43
0.0364	1.456	0.0	0.4805	-5.043
0.03645	1.464	-0.0801	0.46	-5.43
0.036500000000000005	1.456	0.0	0.4805	-5.43
0.03655	1.464	-0.1599	0.4404	-5.043
0.0366	1.464	-0.0801	0.4805	-5.043
0.03665	1.456	0.0	0.4404	-5.43
0.0367	1.464	0.0	0.46	-5.43
0.036750000000000005	1.448	-0.0801	0.4404	-5.043
0.0368	1.448	0.0	0.4805	-5.43
0.03685	1.464	-0.1599	0.4404	-5.043
0.0369	1.448	0.0	0.4404	-5.43
0.036950000000000004	1.439	-0.0801	0.46	-5.043
0.037000000000000005	1.448	0.0	0.46	-5.43
0.03705	1.432	-0.1599	0.4004	-5.043
0.0371	1.432	-0.1599	0.42	-5.43
0.03715	1.439	-0.0801	0.4004	-5.043
0.037200000000000004	1.439	-0.1599	0.42	-5.43
0.03725	1.424	-0.0801	0.38	-5.043
0.0373	1.432	-0.1599	0.42	-5.43
0.03735	1.424	-0.0801	0.38	-5.043
0.0374	1.432	-0.1599	0.4004	-5.43
0.037450000000000004	1.416	-0.0801	0.3398	-5.043
0.0375	1.424	-0.1599	0.3604	-5.43
0.03755	1.408	-0.0801	0.3398	-5.043
0.0376	1.408	-0.1599	0.3604	-5.043
0.03765	1.416	-0.0801	0.3203	-5.43
0.037700000000000004	1.416	-0.1599	0.3398	-5.43
0.03775	1.4	-0.0801	0.2998	-5.043
0.0378	1.4	-0.1599	0.2803	-5.043
0.03785	1.384	-0.0801	0.3203	-5.43
0.0379	1.393	-0.1599	0.2998	-5.43
0.037950000000000005	1.376	-0.0801	0.2598	-5.043
0.038	1.384	-0.0801	0.2803	-5.43
0.03805	1.368	-0.1599	0.2197	-5.043
0.0381	1.376	-0.0801	0.2397	-5.43
0.03815	1.359	-0.1599	0.2002	-5.043
0.038200000000000005	1.368	-0.0801	0.2197	-5.043
0.03825	1.359	-0.1599	0.1602	-5.43
0.0383	1.368	-0.0801	0.1802	-5.43
0.03835	1.336	-0.24	0.1401	-5.043
0.038400000000000004	1.344	-0.0801	0.1602	-5.43
0.038450000000000005	1.328	-0.32	0.1001	-5.043
0.0385	1.336	-0.0801	0.1201	-5.43
0.03855	1.32	-0.24	0.06006	-5.043
0.0386	1.328	-0.32	0.1001	-5.043
0.038650000000000004	1.3125	-0.0801	0.02002	-5.43
0.038700000000000005	1.32	-0.0801	0.06006	-5.43
0.03875	1.304	-0.32	-0.02002	-5.043
0.0388	1.328	-0.1599	0.02002	-5.43
0.03885	1.288	-0.32	-0.04004	-5.043
0.038900000000000004	1.296	-0.32	-0.02002	-5.43
0.03895	1.271	-0.24	-0.0801	-5.043
0.039	1.28	-0.24	-0.06006	-5.43
0.03905	1.271	-0.32	-0.1001	-5.043
0.0391	1.304	-0.32	-0.0801	-5.43
0.039150000000000004	1.264	-0.24	-0.1401	-5.043
0.0392	1.271	-0.24	-0.1201	-5.043
0.03925	1.232	-0.32	-0.1602	-5.43
0.0393	1.24	-0.24	-0.1401	-5.43
0.03935	1.216	-0.32	-0.2002	-5.043
0.039400000000000004	1.224	-0.24	-0.1602	-5.43
0.03945	1.208	-0.32	-0.2202	-5.043
0.0395	1.208	-0.24	-0.1802	-5.043
0.03955	1.191	-0.32	-0.2402	-5.43
0.0396	1.2	-0.24	-0.2002	-5.43
0.039650000000000005	1.184	-0.32	-0.2603	-5.043
0.0397	1.191	-0.24	-0.2402	-5.43
0.03975	1.168	-0.32	-0.28	-5.043
0.0398	1.184	-0.24	-0.2402	-5.43
0.039850000000000003	1.176	-0.32	-0.32	-5.043
0.039900000000000005	1.184	-0.32	-0.2402	-5.43
0.03995	1.168	-0.24	-0.32	-5.043
0.04	1.176	-0.32	-0.2402	-5.43
0.04005	1.152	-0.24	-0.32	-5.043
0.040100000000000004	1.16	-0.24	-0.32	-5.43
0.040150000000000005	1.176	-0.32	-0.2402	-5.043
0.0402	1.176	-0.24	-0.3	-5.43
0.04025	1.16	-0.32	-0.2402	-5.043
0.0403	1.16	-0.24	-0.2402	-5.43
0.040350000000000004	1.176	-0.32	-0.3	-5.043
0.040400000000000005	1.176	-0.24	-0.28	-5.43
0.04045	1.168	-0.4001	-0.2202	-5.043
0.0405	1.176	-0.4001	-0.28	-5.43
0.04055	1.16	-0.32	-0.2002	-5.043
0.040600000000000004	1.152	-0.32	-0.2603	-5.43
0.04065	1.176	-0.4001	-0.1802	-5.043
0.0407	1.16	-0.4001	-0.2202	-5.43
0.04075	1.184	-0.32	-0.1401	-5.043
0.0408	1.184	-0.4001	-0.2002	-5.43
0.040850000000000004	1.232	-0.32	-0.1201	-5.043
0.0409	1.224	-0.4001	-0.1602	-5.043
0.04095	1.24	-0.32	-0.0801	-5.43
0.041	1.232	-0.4001	-0.1401	-5.43
0.04105	1.256	-0.32	-0.06006	-5.043
0.041100000000000005	1.256	-0.4001	-0.1001	-5.43
0.04115	1.28	-0.32	-0.02002	-5.043
0.0412	1.271	-0.4001	-0.1001	-5.43
0.04125	1.288	-0.32	0.0	-5.043
0.0413	1.271	-0.32	0.0	-5.43
0.041350000000000005	1.28	-0.4001	-0.0801	-5.043
0.0414	1.271	-0.4001	-0.04004	-5.043
0.04145	1.288	-0.32	0.04004	-5.43
0.0415	1.28	-0.4001	-0.02002	-5.43
0.041550000000000004	1.296	-0.32	0.06006	-5.043
0.041600000000000005	1.296	-0.32	0.02002	-5.43
0.04165	1.28	-0.4001	0.06006	-5.043
0.0417	1.28	-0.4001	0.06006	-5.43
0.04175	1.288	-0.32	0.02002	-5.043
0.041800000000000004	1.28	-0.32	0.06006	-5.43
0.041850000000000005	1.288	-0.4001	0.02002	-5.043
0.0419	1.28	-0.32	0.06006	-5.43
0.04195	1.288	-0.4001	0.02002	-5.043
0.042	1.288	-0.32	0.02002	-5.43
0.042050000000000004	1.28	-0.4001	0.06006	-5.043
0.042100000000000005	1.288	-0.4001	0.04004	-5.043
0.04215	1.271	-0.32	0.0	-5.43
0.0422	1.28	-0.32	0.04004	-5.43
0.04225	1.264	-0.5605	-0.02002	-5.043
0.042300000000000004	1.271	-0.5605	0.0	-5.43
0.04235	1.256	-0.32	-0.04004	-5.043
0.0424	1.256	-0.4802	-0.02002	-5.43
0.04245	1.24	-0.5605	-0.0801	-5.043
0.0425	1.248	-0.5605	-0.06006	-5.43
0.042550000000000004	1.232	-0.4802	-0.1001	-5.043
0.0426	1.24	-0.5605	-0.0801	-5.43
0.04265	1.224	-0.4802	-0.1602	-5.043
0.0427	1.232	-0.5605	-0.1201	-5.43
0.04275	1.216	-0.4802	-0.2002	-5.043
0.042800000000000005	1.224	-0.5605	-0.1802	-5.43
0.04285	1.191	-0.4802	-0.2603	-5.043
0.0429	1.2	-0.4802	-0.2202	-5.43
0.04295	1.184	-0.5605	-0.28	-5.043
0.043000000000000003	1.191	-0.4802	-0.2603	-5.43
0.043050000000000005	1.176	-0.5605	-0.32	-5.043
0.0431	1.184	-0.5605	-0.3	-5.043
0.04315	1.16	-0.4802	-0.3801	-5.43
0.0432	1.16	-0.4802	-0.36	-5.43
0.043250000000000004	1.144	-0.5605	-0.4001	-5.043
0.043300000000000005	1.152	-0.4802	-0.3801	-5.043
0.04335	1.136	-0.5605	-0.4402	-5.43
0.0434	1.144	-0.5605	-0.4202	-5.43
0.04345	1.128	-0.4802	-0.4602	-5.043
0.043500000000000004	1.136	-0.5605	-0.4402	-5.43
0.043550000000000005	1.12	-0.4802	-0.5	-5.043
0.0436	1.12	-0.5605	-0.4802	-5.43
0.04365	1.128	-0.4802	-0.52	-5.043
0.0437	1.12	-0.4802	-0.5	-5.043
0.043750000000000004	1.104	-0.5605	-0.56	-5.43
0.0438	1.111	-0.4802	-0.54	-5.43
0.04385	1.104	-0.5605	-0.58	-5.043
0.0439	1.111	-0.5605	-0.58	-5.43
0.04395	1.096	-0.4802	-0.54	-5.043
0.044000000000000004	1.104	-0.5605	-0.56	-5.043
0.04405	1.096	-0.4802	-0.62	-5.43
0.0441	1.104	-0.4802	-0.62	-5.43
0.04415	1.096	-0.5605	-0.56	-5.043
0.0442	1.104	-0.4802	-0.6	-5.043
0.044250000000000005	1.096	-0.5605	-0.64	-5.43
0.0443	1.104	-0.5605	-0.6	-5.043
0.04435	1.096	-0.4802	-0.64	-5.43
0.0444	1.096	-0.5605	-0.64	-5.43
0.04445	1.128	-0.4802	-0.62	-5.043
0.044500000000000005	1.12	-0.4802	-0.62	-5.43
0.04455	1.152	-0.6396	-0.64	-5.043
0.0446	1.136	-0.4802	-0.62	-5.043
0.04465	1.096	-0.6396	-0.66	-5.43
0.044700000000000004	1.096	-0.4802	-0.68	-5.43
0.044750000000000005	1.144	-0.6396	-0.62	-5.043
0.0448	1.144	-0.4802	-0.62	-5.43
0.04485	1.096	-0.6396	-0.68	-5.043
0.0449	1.104	-0.6396	-0.66	-5.043
0.044950000000000004	1.08	-0.4802	-0.68	-5.43
0.045000000000000005	1.088	-0.6396	-0.66	-5.043
0.04505	1.08	-0.5605	-0.68	-5.43
0.0451	1.088	-0.6396	-0.68	-5.43
0.04515	1.08	-0.4802	-0.64	-5.043
0.045200000000000004	1.088	-0.5605	-0.66	-5.43
0.045250000000000005	1.072	-0.6396	-0.68	-5.043
0.0453	1.088	-0.6396	-0.66	-5.43
0.04535	1.08	-0.4802	-0.68	-5.043
0.0454	1.088	-0.6396	-0.62	-5.43
0.045450000000000004	1.072	-0.5605	-0.68	-5.043
0.0455	1.072	-0.6396	-0.68	-5.43
0.04555	1.08	-0.5605	-0.66	-5.043
0.0456	1.072	-0.6396	-0.68	-5.43
0.04565	1.088	-0.5605	-0.62	-5.043
0.045700000000000005	1.072	-0.6396	-0.68	-5.43
0.04575	1.088	-0.5605	-0.62	-5.043
0.0458	1.08	-0.6396	-0.62	-5.43
0.04585	1.088	-0.5605	-0.68	-5.043
0.0459	1.08	-0.6396	-0.66	-5.43
0.045950000000000005	1.088	-0.5605	-0.62	-5.043
0.046	1.088	-0.6396	-0.64	-5.43
0.04605	1.08	-0.5605	-0.62	-5.043
0.0461	1.08	-0.6396	-0.64	-5.43
0.046150000000000004	1.088	-0.5605	-0.6	-5.043
0.046200000000000005	1.088	-0.6396	-0.64	-5.043
0.04625	1.08	-0.5605	-0.6	-5.43
0.0463	1.08	-0.6396	-0.64	-5.043
0.04635	1.088	-0.5605	-0.6	-5.43
0.046400000000000004	1.08	-0.6396	-0.6	-5.043
0.046450000000000005	1.096	-0.5605	-0.64	-5.43
0.0465	1.088	-0.6396	-0.6	-5.43
0.04655	1.096	-0.5605	-0.62	-5.043
0.0466	1.088	-0.6396	-0.62	-5.43
0.046650000000000004	1.096	-0.5605	-0.56	-5.043
0.046700000000000005	1.096	-0.6396	-0.62	-5.43
0.04675	1.088	-0.5605	-0.56	-5.043
0.0468	1.088	-0.6396	-0.56	-5.43
0.04685	1.104	-0.5605	-0.62	-5.043
0.046900000000000004	1.104	-0.5605	-0.58	-5.43
0.046950000000000006	1.096	-0.6396	-0.56	-5.043
0.047	1.096	-0.6396	-0.58	-5.43
0.04705	1.104	-0.5605	-0.54	-5.043
0.0471	1.104	-0.5605	-0.54	-5.43
0.047150000000000004	1.096	-0.6396	-0.58	-5.043
0.0472	1.096	-0.6396	-0.58	-5.43
0.04725	1.111	-0.5605	-0.54	-5.043
0.0473	1.111	-0.6396	-0.54	-5.43
0.04735	1.104	-0.5605	-0.56	-5.043
0.047400000000000005	1.111	-0.6396	-0.56	-5.43
0.04745	1.111	-0.5605	-0.5	-5.043
0.0475	1.111	-0.5605	-0.5	-5.43
0.04755	1.128	-0.6396	-0.56	-5.043
0.0476	1.128	-0.6396	-0.52	-5.43
0.047650000000000005	1.12	-0.5605	-0.4802	-5.043
0.0477	1.12	-0.6396	-0.52	-5.43
0.04775	1.128	-0.5605	-0.4802	-5.043
0.0478	1.12	-0.6396	-0.4802	-5.43
0.047850000000000004	1.136	-0.5605	-0.52	-5.043
0.047900000000000005	1.12	-0.5605	-0.5	-5.043
0.04795	1.136	-0.6396	-0.4402	-5.43
0.048	1.136	-0.6396	-0.5	-5.43
0.04805	1.128	-0.5605	-0.4402	-5.043
0.048100000000000004	1.128	-0.6396	-0.4402	-5.43
0.048150000000000005	1.144	-0.5605	-0.4802	-5.043
0.0482	1.128	-0.6396	-0.4602	-5.43
0.04825	1.144	-0.5605	-0.4202	-5.043
0.0483	1.144	-0.6396	-0.4602	-5.43
0.048350000000000004	1.136	-0.5605	-0.4202	-5.043
0.048400000000000006	1.136	-0.6396	-0.4202	-5.43
0.04845	1.152	-0.5605	-0.4602	-5.043
0.0485	1.136	-0.6396	-0.4402	-5.43
0.04855	1.152	-0.5605	-0.3801	-5.043
0.048600000000000004	1.144	-0.6396	-0.3801	-5.043
0.048650000000000006	1.152	-0.5605	-0.4402	-5.43
0.0487	1.144	-0.6396	-0.3801	-5.43
0.04875	1.16	-0.5605	-0.4402	-5.043
0.0488	1.144	-0.6396	-0.4001	-5.43
0.048850000000000005	1.16	-0.5605	-0.36	-5.043
0.0489	1.16	-0.6396	-0.4001	-5.43
0.04895	1.16	-0.5605	-0.36	-5.043
0.049	1.16	-0.6396	-0.4001	-5.43
0.04905	1.176	-0.5605	-0.34	-5.043
0.049100000000000005	1.168	-0.6396	-0.3801	-5.043
0.04915	1.176	-0.5605	-0.32	-5.43
0.0492	1.168	-0.6396	-0.32	-5.43
0.04925	1.176	-0.5605	-0.3801	-5.043
0.049300000000000004	1.168	-0.6396	-0.34	-5.43
0.049350000000000005	1.184	-0.5605	-0.3	-5.043
0.0494	1.176	-0.6396	-0.34	-5.043
0.04945	1.184	-0.5605	-0.3	-5.43
0.0495	1.184	-0.6396	-0.34	-5.43
0.049550000000000004	1.176	-0.5605	-0.3	-5.043
0.049600000000000005	1.176	-0.6396	-0.32	-5.43
0.04965	1.191	-0.5605	-0.28	-5.043
0.0497	1.191	-0.6396	-0.2603	-5.43
0.04975	1.184	-0.5605	-0.32	-5.043
0.049800000000000004	1.184	-0.5605	-0.2603	-5.43
0.049850000000000005	1.191	-0.6396	-0.32	-5.043
0.0499	1.184	-0.6396	-0.28	-5.43
0.04995	1.2	-0.5605	-0.2402	-5.043
0.05	1.191	-0.5605	-0.2402	-5.43
0.050050000000000004	1.2	-0.6396	-0.28	-5.043
0.050100000000000006	1.2	-0.5605	-0.2402	-5.043
0.05015	1.191	-0.6396	-0.28	-5.43
0.0502	1.191	-0.5605	-0.2402	-5.43
0.05025	1.2	-0.6396	-0.2603	-5.043
0.050300000000000004	1.191	-0.6396	-0.2603	-5.043
0.050350000000000006	1.208	-0.5605	-0.2002	-5.43
0.0504	1.208	-0.6396	-0.2603	-5.043
0.05045	1.2	-0.5605	-0.2002	-5.43
0.0505	1.208	-0.6396	-0.2202	-5.043
0.050550000000000005	1.2	-0.5605	-0.2002	-5.43
0.0506	1.208	-0.6396	-0.2202	-5.43
0.05065	1.224	-0.5605	-0.1802	-5.043
0.0507	1.216	-0.6396	-0.2202	-5.43
0.05075	1.224	-0.5605	-0.1802	-5.043
0.050800000000000005	1.224	-0.6396	-0.1802	-5.43
0.05085	1.216	-0.5605	-0.2002	-5.043
0.0509	1.216	-0.6396	-0.2002	-5.43
0.05095	1.224	-0.5605	-0.1401	-5.043
0.051000000000000004	1.216	-0.6396	-0.2002	-5.43
0.051050000000000005	1.232	-0.5605	-0.1401	-5.043
0.0511	1.224	-0.6396	-0.1401	-5.43
0.05115	1.232	-0.5605	-0.1802	-5.043
0.0512	1.224	-0.6396	-0.1602	-5.43
0.051250000000000004	1.232	-0.5605	-0.1401	-5.043
0.051300000000000005	1.224	-0.6396	-0.1602	-5.43
0.05135	1.24	-0.5605	-0.1201	-5.043
0.0514	1.224	-0.6396	-0.1602	-5.43
0.05145	1.24	-0.5605	-0.1201	-5.043
0.051500000000000004	1.24	-0.6396	-0.1201	-5.43
0.051550000000000006	1.232	-0.5605	-0.1602	-5.043
0.0516	1.24	-0.6396	-0.1201	-5.43
0.05165	1.232	-0.5605	-0.1401	-5.043
0.0517	1.232	-0.5605	-0.1401	-5.043
0.051750000000000004	1.248	-0.6396	-0.0801	-5.43
0.051800000000000006	1.232	-0.5605	-0.1401	-5.43
0.05185	1.248	-0.6396	-0.0801	-5.043
0.0519	1.24	-0.5605	-0.1201	-5.43
0.05195	1.248	-0.6396	-0.0801	-5.043
0.052000000000000005	1.248	-0.6396	-0.0801	-5.43
0.05205	1.24	-0.5605	-0.1001	-5.043
0.0521	1.248	-0.6396	-0.1001	-5.43
0.05215	1.24	-0.5605	-0.0801	-5.043
0.0522	1.24	-0.6396	-0.1001	-5.43
0.052250000000000005	1.256	-0.5605	-0.06006	-5.043
0.0523	1.256	-0.6396	-0.1001	-5.43
0.05235	1.256	-0.5605	-0.06006	-5.043
0.0524	1.256	-0.5605	-0.06006	-5.43
0.052450000000000004	1.248	-0.6396	-0.1001	-5.043
0.052500000000000005	1.248	-0.6396	-0.06006	-5.43
0.05255	1.256	-0.5605	-0.0801	-5.043
0.0526	1.248	-0.6396	-0.06006	-5.43
0.05265	1.271	-0.5605	-0.0801	-5.043
0.052700000000000004	1.264	-0.5605	-0.0801	-5.043
0.052750000000000005	1.271	-0.8	-0.02002	-5.43
0.0528	1.264	-0.6396	-0.0801	-5.043
0.05285	1.271	-0.5605	-0.02002	-5.43
0.0529	1.264	-0.5605	-0.06006	-5.43
0.052950000000000004	1.271	-0.8	-0.02002	-5.043
0.053000000000000005	1.264	-0.5605	-0.02002	-5.43
0.05305	1.271	-0.8	-0.04004	-5.043
0.0531	1.264	-0.5605	-0.04004	-5.43
0.05315	1.271	-0.7197	-0.02002	-5.043
0.053200000000000004	1.264	-0.5605	-0.04004	-5.043
0.053250000000000006	1.28	-0.8	0.0	-5.43
0.0533	1.271	-0.5605	0.0	-5.43
0.05335	1.28	-0.7197	-0.04004	-5.043
0.0534	1.271	-0.7197	-0.04004	-5.043
0.053450000000000004	1.28	-0.5605	0.0	-5.43
0.053500000000000006	1.271	-0.5605	0.0	-5.43
0.05355	1.28	-0.7197	-0.02002	-5.043
0.0536	1.271	-0.5605	0.0	-5.043
0.05365	1.28	-0.8	-0.02002	-5.43
0.053700000000000005	1.28	-0.5605	0.0	-5.43
0.05375	1.271	-0.8	-0.02002	-5.043
0.0538	1.271	-0.6396	-0.02002	-5.43
0.05385	1.288	-0.5605	0.02002	-5.043
0.0539	1.288	-0.8	-0.02002	-5.43
0.053950000000000005	1.28	-0.5605	0.04004	4.656
0.054	1.288	-0.5605	0.04004	4.266
0.05405	1.28	-0.7197	-0.02002	5.043
0.0541	1.288	-0.5605	0.04004	4.266
0.054150000000000004	1.28	-0.7197	-0.02002	5.043
0.054200000000000005	1.28	-0.5605	-0.02002	4.266
0.05425	1.288	-0.6396	0.04004	5.043
0.0543	1.288	-0.5605	-0.02002	5.043
0.05435	1.28	-0.6396	0.04004	4.266
0.054400000000000004	1.288	-0.5605	0.04004	5.043
0.054450000000000005	1.28	-0.7197	-0.02002	4.266
0.0545	1.28	-0.5605	-0.02002	4.656
0.05455	1.288	-0.7197	0.04004	5.043
0.0546	1.28	-0.6396	-0.02002	5.043
0.054650000000000004	1.288	-0.5605	0.04004	4.656
0.054700000000000006	1.28	-0.5605	0.04004	5.043
0.05475	1.288	-0.7197	-0.02002	4.656
0.0548	1.288	-0.8	-0.02002	4.656
0.05485	1.28	-0.5605	0.04004	5.043
0.054900000000000004	1.288	-0.5605	-0.02002	4.656
0.054950000000000006	1.28	-0.8	0.04004	5.043
0.055	1.288	-0.5605	0.04004	4.656
0.05505	1.28	-0.7197	-0.02002	5.043
0.0551	1.28	-0.5605	-0.02002	4.656
0.055150000000000005	1.288	-0.7197	0.04004	5.043
0.055200000000000006	1.28	-0.5605	-0.02002	4.656
0.05525	1.288	-0.8	0.04004	5.043
0.0553	1.288	-0.6396	0.02002	4.656
0.05535	1.28	-0.5605	-0.02002	5.043
0.055400000000000005	1.28	-0.6396	-0.02002	5.043
0.05545	1.288	-0.5605	0.0	4.656
0.0555	1.28	-0.5605	-0.02002	5.043
0.05555	1.288	-0.7197	0.02002	4.656
0.055600000000000004	1.288	-0.5605	-0.02002	5.043
0.055650000000000005	1.271	-0.7197	0.02002	4.656
0.0557	1.271	-0.5605	0.0	4.656
0.05575	1.288	-0.7197	-0.02002	5.043
0.0558	1.271	-0.6396	0.0	5.043
0.055850000000000004	1.28	-0.5605	-0.02002	4.656
0.055900000000000005	1.28	-0.6396	0.0	5.043
0.05595	1.271	-0.5605	-0.02002	4.656
0.056	1.271	-0.5605	0.0	5.043
0.05605	1.28	-0.7197	-0.02002	4.656
0.056100000000000004	1.271	-0.5605	0.0	5.043
0.056150000000000005	1.28	-0.8	-0.02002	4.656
0.0562	1.271	-0.6396	-0.02002	5.043
0.05625	1.28	-0.5605	0.0	4.656
0.0563	1.271	-0.6396	0.0	4.656
0.056350000000000004	1.28	-0.5605	-0.02002	5.043
0.056400000000000006	1.271	-0.6396	0.0	5.043
0.05645	1.28	-0.5605	-0.04004	4.656
0.0565	1.271	-0.6396	0.0	5.043
0.05655	1.28	-0.5605	-0.04004	4.656
0.056600000000000004	1.271	-0.6396	0.0	5.043
0.056650000000000006	1.28	-0.5605	-0.04004	4.656
0.0567	1.271	-0.6396	0.0	5.043
0.05675	1.28	-0.5605	-0.04004	4.656
0.0568	1.271	-0.6396	0.0	5.043
0.056850000000000005	1.28	-0.5605	-0.04004	4.656
0.056900000000000006	1.28	-0.5605	0.0	5.043
0.05695	1.271	-0.6396	-0.04004	4.656
0.057	1.271	-0.6396	0.0	4.656
0.057050000000000003	1.28	-0.5605	-0.04004	5.043
0.057100000000000005	1.271	-0.6396	-0.04004	4.656
0.05715	1.28	-0.5605	0.0	5.043
0.0572	1.28	-0.5605	-0.04004	4.656
0.05725	1.264	-0.6396	0.0	5.043
0.057300000000000004	1.28	-0.5605	-0.04004	4.656
0.057350000000000005	1.264	-0.6396	-0.02002	5.043
0.0574	1.264	-0.5605	-0.04004	5.043
0.05745	1.271	-0.6396	-0.02002	4.656
0.0575	1.271	-0.6396	-0.02002	4.656
0.057550000000000004	1.264	-0.5605	-0.06006	5.043
0.057600000000000005	1.264	-0.6396	-0.0801	5.043
0.05765	1.271	-0.5605	-0.02002	4.656
0.0577	1.264	-0.6396	-0.02002	4.656
0.05775	1.271	-0.5605	-0.0801	5.043
0.057800000000000004	1.271	-0.6396	-0.02002	5.043
0.057850000000000006	1.264	-0.5605	-0.0801	4.656
0.0579	1.271	-0.6396	-0.0801	4.656
0.05795	1.264	-0.5605	-0.02002	5.043
0.058	1.264	-0.6396	-0.0801	4.656
0.058050000000000004	1.271	-0.5605	-0.02002	5.043
0.058100000000000006	1.271	-0.6396	-0.06006	5.043
0.05815	1.256	-0.5605	-0.0801	4.656
0.0582	1.256	-0.6396	-0.06006	4.656
0.05825	1.264	-0.5605	-0.0801	5.043
0.058300000000000005	1.256	-0.6396	-0.06006	4.656
0.058350000000000006	1.248	-0.5605	-0.0801	5.043
0.0584	1.256	-0.5605	-0.06006	4.656
0.05845	1.256	-0.6396	-0.1001	5.043
0.0585	1.256	-0.6396	-0.06006	4.656
0.058550000000000005	1.256	-0.5605	-0.1001	5.043
0.058600000000000006	1.256	-0.6396	-0.06006	4.656
0.05865	1.248	-0.5605	-0.1001	5.043
0.0587	1.256	-0.6396	-0.1001	4.656
0.058750000000000004	1.24	-0.5605	-0.0801	5.043
0.058800000000000005	1.248	-0.6396	-0.0801	4.656
0.05885	1.24	-0.5605	-0.1001	5.043
0.0589	1.24	-0.6396	-0.0801	5.043
0.05895	1.248	-0.5605	-0.1001	4.656
0.059000000000000004	1.24	-0.6396	-0.0801	4.656
0.059050000000000005	1.248	-0.5605	-0.1401	5.043
0.0591	1.248	-0.6396	-0.0801	4.656
0.05915	1.24	-0.5605	-0.1401	5.043
0.0592	1.248	-0.5605	-0.0801	4.656
0.059250000000000004	1.232	-0.6396	-0.1401	5.043
0.059300000000000005	1.232	-0.6396	-0.1401	5.043
0.05935	1.248	-0.5605	-0.0801	4.656
0.0594	1.232	-0.6396	-0.1201	5.043
0.05945	1.24	-0.5605	-0.1401	4.656
0.059500000000000004	1.24	-0.6396	-0.1201	5.043
0.059550000000000006	1.232	-0.5605	-0.1602	4.656
0.0596	1.24	-0.5605	-0.1201	5.043
0.05965	1.232	-0.6396	-0.1602	4.656
0.0597	1.24	-0.5605	-0.1201	4.656
0.059750000000000004	1.224	-0.6396	-0.1602	5.043
0.059800000000000006	1.232	-0.6396	-0.1602	4.656
0.05985	1.224	-0.5605	-0.1401	5.043
0.0599	1.232	-0.6396	-0.1602	4.656
0.05995	1.224	-0.5605	-0.1401	5.043
