seconds_pre_waveform_query	1730218024.88533
seconds_post_waveform_query	1730218024.9329011
xzero2	0
xmultiplier2	0.0002
yzero2	0.96
ymultiplier2	0.02
transfer_duty_cycle	1.0
xzero3	0
xmultiplier3	0.0002
yzero3	2.68
ymultiplier3	0.04
/sillyscope/VISA/Device	'USB0::0x1AB1::0x04CE::DS1ZA204719905::INSTR'
/sillyscope/Acquire/Iterations	0
/sillyscope/Acquire/Trigger	False
/sillyscope/Acquire/Get_First_Header	True
/sillyscope/Acquire/Get_All_Headers	True
/sillyscope/Acquire/Discard_Identical	False
/sillyscope/Acquire/RIGOL1000BDE/Trigger_Delay	0.05
/sillyscope/Acquire/RIGOL1000BDE/Unlock	True
/sillyscope/Acquire/RIGOL1000Z/Always_Clear	True
DataboxPlot_Note	'Note'
self.combo_binary	0
self.combo_autoscript	1
self.button_enabled	True
self.button_multi	True
self.button_link_x	True
self.button_script	False
self.number_file	0
self.script	"x = ( d[0] )\ny = ( d[1], d[2] )\n\nxlabels = 'x'\nylabels = ( 'y2', 'y3' )\n"
self.number_history	0
self.text_log_note	'Note'

x	y2	y3
0.0	1.16	2.879
0.0002	1.18	3.2
0.0004	1.16	3.2
0.0006000000000000001	1.18	3.48
0.0008	1.16	3.48
0.001	1.18	3.76
0.0012000000000000001	1.16	3.719
0.0014	1.18	3.92
0.0016	1.16	3.879
0.0018000000000000002	1.18	4.0
0.002	1.18	3.96
0.0022	1.14	4.04
0.0024000000000000002	1.16	4.0
0.0026000000000000003	1.18	3.76
0.0028	1.18	3.8
0.003	1.12	3.52
0.0032	1.14	3.56
0.0034000000000000002	1.12	3.24
0.0036000000000000003	1.14	3.28
0.0038	1.1	2.92
0.004	1.12	2.959
0.004200000000000001	1.08	2.68
0.0044	1.08	2.719
0.0046	1.04	2.52
0.0048000000000000004	1.06	2.56
0.005	0.98	2.52
0.005200000000000001	1.0	2.52
0.0054	0.92	2.6
0.0056	0.94	2.56
0.0058000000000000005	0.82	2.799
0.006	0.86	2.76
0.006200000000000001	0.76	3.04
0.0064	0.78	3.0
0.0066	0.7	3.32
0.0068000000000000005	0.7197	3.32
0.007	0.6396	3.68
0.007200000000000001	0.66	3.68
0.0074	0.62	3.92
0.0076	0.62	3.879
0.0078000000000000005	0.7197	4.04
0.008	0.6797	4.0
0.0082	0.76	4.12
0.008400000000000001	0.6797	4.12
0.0086	0.78	4.0
0.0088	0.7197	4.04
0.009000000000000001	0.82	3.84
0.0092	0.76	3.879
0.0094	0.84	3.6
0.009600000000000001	0.76	3.64
0.0098	0.88	3.28
0.01	0.8	3.32
0.0102	1.1	3.0
0.010400000000000001	0.9	3.04
0.0106	1.86	2.76
0.0108	1.641	2.799
0.011000000000000001	2.82	2.56
0.0112	2.82	2.6
0.0114	0.96	2.56
0.011600000000000001	0.96	2.56
0.0118	0.7	2.719
0.012	0.7197	2.68
0.0122	0.5596	2.92
0.012400000000000001	0.58	2.879
0.0126	0.4998	3.2
0.0128	0.5195	3.16
0.013000000000000001	0.46	3.48
0.0132	0.48	3.48
0.0134	0.46	3.8
0.013600000000000001	0.48	3.8
0.013800000000000002	0.54	4.04
0.014	0.5195	4.04
0.0142	0.5996	4.16
0.014400000000000001	0.58	4.242
0.0146	0.66	4.12
0.0148	0.6396	4.242
0.015000000000000001	0.76	4.08
0.0152	0.7397	4.12
0.0154	0.84	3.84
0.015600000000000001	0.84	3.879
0.0158	0.92	3.6
0.016	0.9	3.64
0.0162	0.96	3.28
0.0164	0.94	3.32
0.0166	1.0	3.0
0.016800000000000002	0.98	3.04
0.017	1.02	2.76
0.0172	1.02	2.799
0.017400000000000002	0.96	2.64
0.0176	0.94	2.719
0.0178	1.0	2.64
0.018000000000000002	0.96	2.68
0.0182	0.92	2.84
0.0184	0.94	2.799
0.018600000000000002	0.86	3.08
0.0188	0.88	3.04
0.019	0.8	3.44
0.019200000000000002	0.82	3.4
0.0194	0.76	3.719
0.0196	0.78	3.719
0.0198	0.7197	4.04
0.02	0.76	4.04
0.020200000000000003	0.6797	4.242
0.0204	0.7197	4.2
0.0206	0.6396	4.36
0.020800000000000003	0.66	4.36
0.021	0.6396	4.242
0.0212	0.66	4.28
0.021400000000000002	0.62	4.08
0.0216	0.6396	4.12
0.0218	1.06	3.84
0.022000000000000002	0.6396	3.879
0.0222	0.7	3.52
0.0224	0.6396	3.52
0.022600000000000002	0.82	3.2
0.0228	0.8	3.2
0.023	2.08	2.959
0.023200000000000002	1.92	2.959
0.0234	0.9	2.799
0.0236	0.88	2.84
0.0238	1.84	2.76
0.024	1.641	2.76
0.024200000000000003	0.88	2.879
0.0244	1.08	2.879
0.0246	0.86	3.04
0.024800000000000003	0.84	3.0
0.025	0.94	3.32
0.0252	0.86	3.28
0.025400000000000002	0.96	3.64
0.0256	0.94	3.6
0.0258	0.82	4.0
0.026000000000000002	0.86	3.96
0.0262	0.92	4.242
0.0264	0.86	4.2
0.026600000000000002	0.94	4.36
0.0268	0.86	4.32
0.027	0.96	4.4
0.027200000000000002	0.92	4.4
0.0274	1.0	4.32
0.027600000000000003	0.96	4.36
0.027800000000000002	1.02	4.08
0.028	1.0	4.12
0.028200000000000003	1.06	3.84
0.0284	1.02	3.879
0.0286	1.08	3.52
0.028800000000000003	1.06	3.52
0.029	1.12	3.2
0.0292	1.12	3.2
0.029400000000000003	1.06	3.0
0.0296	1.1	3.04
0.0298	1.12	2.879
0.030000000000000002	1.1	2.92
0.0302	1.14	2.799
0.0304	1.12	2.879
0.030600000000000002	1.18	3.04
0.0308	1.12	3.0
0.031	1.18	3.2
0.031200000000000002	1.12	3.16
0.031400000000000004	1.18	3.52
0.0316	1.18	3.48
0.0318	1.12	3.8
0.032	1.18	3.76
0.0322	1.12	4.16
0.0324	1.12	4.12
0.032600000000000004	1.18	4.4
0.0328	1.12	4.32
0.033	1.18	4.52
0.0332	1.18	4.44
0.0334	1.12	4.52
0.033600000000000005	1.14	4.52
0.033800000000000004	1.18	4.4
0.034	1.18	4.48
0.0342	1.16	4.2
0.0344	1.16	4.12
0.0346	1.18	4.28
0.034800000000000005	1.16	4.242
0.035	1.18	4.4
0.0352	1.16	4.36
0.0354	1.18	4.52
0.0356	1.16	4.52
0.0358	1.18	4.48
0.036000000000000004	1.16	4.52
0.0362	1.18	4.48
0.0364	1.16	4.52
0.0366	1.18	4.4
0.0368	1.18	4.48
0.037000000000000005	1.16	4.28
0.037200000000000004	1.16	4.28
0.0374	1.18	4.08
0.0376	1.18	4.12
0.0378	1.14	3.8
0.038	1.18	3.84
0.038200000000000005	1.12	3.56
0.038400000000000004	1.12	3.56
0.0386	1.18	3.36
0.0388	1.12	3.36
0.039	1.18	3.12
0.0392	1.14	3.16
0.039400000000000004	1.12	2.92
0.0396	1.14	2.959
0.0398	1.12	2.84
0.04	1.14	2.92
0.0402	1.1	2.799
0.040400000000000005	1.1	2.799
0.040600000000000004	1.14	2.92
0.0408	1.14	2.879
0.041	1.1	3.08
0.0412	1.12	3.04
0.0414	1.06	3.28
0.041600000000000005	1.12	3.24
0.041800000000000004	1.06	3.52
0.042	1.08	3.48
0.0422	1.04	3.76
0.0424	1.08	3.719
0.0426	1.0	4.0
0.042800000000000005	1.06	3.96
0.043000000000000003	0.98	4.16
0.0432	1.02	4.12
0.0434	0.94	4.28
0.0436	1.0	4.242
0.0438	0.92	4.4
0.044000000000000004	0.96	4.4
0.0442	0.92	4.36
0.0444	0.94	4.4
0.0446	0.88	4.242
0.0448	0.9	4.28
0.045000000000000005	0.86	4.08
0.045200000000000004	0.9	4.12
0.0454	0.82	3.879
0.0456	0.84	3.92
0.0458	0.8	3.6
0.046	0.8	3.64
0.046200000000000005	0.88	3.36
0.046400000000000004	0.86	3.32
0.0466	0.76	3.04
0.0468	0.76	3.08
0.047	0.86	2.879
0.0472	0.86	2.92
0.047400000000000005	0.94	2.76
0.0476	0.88	2.799
0.0478	1.84	2.68
0.048	1.86	2.68
0.0482	0.92	2.799
0.048400000000000006	0.92	2.76
0.048600000000000004	1.46	2.959
0.0488	2.102	2.92
0.049	1.08	3.12
0.0492	1.08	3.12
0.0494	0.8	3.36
0.049600000000000005	0.84	3.36
0.049800000000000004	0.7	3.64
0.05	0.6797	3.6
0.0502	0.86	3.92
0.0504	1.06	3.879
0.0506	0.7397	4.12
0.050800000000000005	0.82	4.08
0.051000000000000004	0.6797	4.242
0.0512	0.76	4.2
0.0514	0.6797	4.28
0.0516	0.76	4.28
0.051800000000000006	0.7	4.2
0.052000000000000005	0.76	4.242
0.0522	0.7	4.08
0.0524	0.7	4.12
0.0526	0.7397	3.84
0.0528	0.7	3.879
0.053000000000000005	0.78	3.64
0.053200000000000004	0.7397	3.68
0.0534	0.82	3.36
0.0536	0.76	3.4
0.0538	0.84	3.08
0.054	0.82	3.08
0.054200000000000005	0.88	2.799
0.054400000000000004	0.86	2.84
0.0546	0.94	2.68
0.0548	0.92	2.719
0.055	0.96	2.64
0.055200000000000006	0.94	2.64
0.055400000000000005	1.0	2.68
0.055600000000000004	0.98	2.64
0.0558	1.0	2.799
0.056	0.98	2.76
0.0562	1.0	3.04
0.056400000000000006	1.0	3.0
0.056600000000000004	0.94	3.24
0.0568	0.96	3.24
0.057	0.92	3.52
0.0572	0.94	3.48
0.0574	0.86	3.76
0.057600000000000005	0.9	3.719
0.057800000000000004	0.8	4.0
0.058	0.84	3.96
0.0582	0.7397	4.12
0.0584	0.78	4.08
0.058600000000000006	0.66	4.16
0.058800000000000005	0.7197	4.16
0.059000000000000004	0.5996	4.08
0.0592	0.66	4.12
0.0594	0.5596	3.92
0.0596	0.6396	4.0
0.059800000000000006	0.5195	3.719
0.060000000000000005	0.5996	3.76
0.060200000000000004	0.4998	3.48
0.0604	0.4998	3.48
0.0606	0.58	3.2
0.0608	0.4998	3.24
0.061000000000000006	0.58	2.92
0.061200000000000004	0.5596	2.959
0.0614	0.66	2.76
0.0616	0.66	2.76
0.0618	0.8	2.56
0.062	0.8	2.6
0.062200000000000005	1.04	2.52
0.062400000000000004	1.06	2.52
0.0626	2.82	2.6
0.06280000000000001	2.64	2.56
0.063	1.641	2.719
0.0632	2.04	2.68
0.0634	0.84	2.959
0.0636	1.12	2.879
0.06380000000000001	0.8	3.2
0.064	0.82	3.16
0.06420000000000001	0.7397	3.44
0.0644	0.78	3.44
0.0646	0.7	3.68
0.0648	0.76	3.719
0.065	0.6797	3.92
0.06520000000000001	0.7197	3.879
0.0654	0.6396	4.04
0.0656	0.7	4.04
0.0658	0.62	4.0
0.066	0.7197	4.04
0.06620000000000001	0.6396	3.92
0.0664	0.7197	3.92
0.0666	0.6396	3.76
0.0668	0.7197	3.8
0.067	0.6396	3.52
0.06720000000000001	0.6797	3.56
0.0674	0.76	3.24
0.06760000000000001	0.7197	3.28
0.0678	0.82	3.0
0.068	0.76	2.959
0.0682	0.88	2.76
0.0684	0.82	2.76
0.06860000000000001	0.9	2.56
0.0688	0.88	2.6
0.069	0.96	2.44
0.0692	0.94	2.48
0.0694	1.02	2.44
0.06960000000000001	1.0	2.44
0.0698	1.06	2.6
0.07	1.04	2.6
0.0702	1.12	2.799
0.0704	1.08	2.76
0.07060000000000001	1.12	3.04
0.0708	1.1	3.0
0.07100000000000001	1.14	3.32
0.0712	1.14	3.28
0.0714	1.12	3.64
0.0716	1.12	3.6
0.0718	1.18	3.8
0.07200000000000001	1.12	3.8
0.0722	1.18	3.92
0.0724	1.16	3.92
0.0726	1.18	3.879
0.0728	1.18	3.92
0.07300000000000001	1.16	3.84
0.0732	1.16	3.84
0.0734	1.18	3.64
0.0736	1.18	3.68
0.0738	1.16	3.4
0.07400000000000001	1.16	3.44
0.0742	1.18	3.12
0.07440000000000001	1.16	3.12
0.0746	1.18	2.879
0.0748	1.16	2.84
0.075	1.18	2.6
0.0752	1.18	2.6
0.07540000000000001	1.16	2.44
0.0756	1.16	2.48
0.0758	1.18	2.4
0.076	1.16	2.4
0.0762	1.18	2.48
0.07640000000000001	1.16	2.44
0.0766	1.18	2.6
0.07680000000000001	1.16	2.56
0.077	1.2	2.84
0.0772	1.16	2.799
0.07740000000000001	1.18	3.04
0.0776	1.16	3.04
0.07780000000000001	1.18	3.32
0.078	1.16	3.32
0.0782	1.18	3.56
0.0784	1.16	3.6
0.0786	1.18	3.76
0.07880000000000001	1.16	3.76
0.079	1.18	3.879
0.0792	1.18	3.879
0.0794	1.16	3.76
0.0796	1.16	3.8
0.07980000000000001	1.18	3.64
0.08	1.16	3.68
0.08020000000000001	1.18	3.48
0.0804	1.18	3.44
0.0806	1.16	3.16
0.08080000000000001	1.16	3.2
0.081	1.18	2.879
0.08120000000000001	1.16	2.92
0.0814	1.18	2.64
0.0816	1.16	2.68
0.0818	1.18	2.44
0.082	1.18	2.48
0.08220000000000001	1.16	2.32
0.0824	1.16	2.36
0.0826	1.18	2.32
0.0828	1.16	2.32
0.083	1.18	2.48
0.08320000000000001	1.16	2.44
0.0834	1.18	2.68
0.08360000000000001	1.16	2.64
0.0838	1.18	2.959
0.084	1.16	2.92
0.08420000000000001	1.18	3.24
0.0844	1.18	3.2
0.08460000000000001	1.16	3.44
0.0848	1.16	3.48
0.085	1.18	3.68
0.0852	1.18	3.64
0.0854	1.14	3.76
0.08560000000000001	1.18	3.76
0.0858	1.12	3.719
0.08600000000000001	1.12	3.719
0.0862	1.18	3.6
0.0864	1.18	3.64
0.08660000000000001	1.12	3.36
0.0868	1.18	3.4
0.08700000000000001	1.12	3.12
0.0872	1.18	3.16
0.0874	1.12	2.799
0.0876	1.18	2.84
0.0878	1.12	2.56
0.08800000000000001	1.14	2.6
0.0882	1.1	2.4
0.0884	1.12	2.44
0.0886	1.06	2.28
0.0888	1.08	2.32
0.08900000000000001	1.04	2.28
0.0892	1.06	2.28
0.08940000000000001	1.0	2.44
0.0896	1.02	2.4
0.0898	0.94	2.68
0.09000000000000001	0.96	2.64
0.0902	0.86	2.92
0.09040000000000001	0.88	2.879
0.0906	0.76	3.2
0.0908	0.82	3.16
0.091	0.6396	3.44
0.0912	0.7	3.4
0.09140000000000001	0.5596	3.64
0.0916	0.6396	3.6
0.0918	0.48	3.68
0.092	0.54	3.68
0.0922	0.4	3.6
0.09240000000000001	0.48	3.64
0.0926	0.3398	3.48
0.09280000000000001	0.44	3.48
0.093	0.2798	3.24
0.0932	0.42	3.28
0.09340000000000001	0.2998	3.0
0.0936	0.3198	3.04
0.09380000000000001	0.5195	2.68
0.094	0.48	2.719
0.0942	0.76	2.44
0.0944	0.6797	2.48
0.0946	1.18	2.28
0.09480000000000001	1.14	2.32
0.095	0.6797	2.2
0.0952	0.7	2.2
0.0954	0.38	2.32
0.0956	0.4	2.28
0.09580000000000001	0.3398	2.48
0.096	0.3398	2.44
0.09620000000000001	0.4	2.68
0.0964	0.38	2.68
0.0966	0.46	2.959
0.09680000000000001	0.44	2.92
0.097	0.5195	3.2
0.09720000000000001	0.4998	3.16
0.0974	0.5996	3.44
0.0976	0.58	3.44
0.0978	0.7	3.56
0.098	0.6797	3.52
0.09820000000000001	0.78	3.64
0.0984	0.76	3.64
0.09860000000000001	0.88	3.48
0.0988	0.86	3.52
0.099	0.94	3.36
0.09920000000000001	0.92	3.32
0.0994	1.0	3.04
0.09960000000000001	0.98	3.08
0.0998	1.06	2.799
0.1	1.04	2.84
0.10020000000000001	1.08	2.56
0.1004	1.06	2.6
0.10060000000000001	1.12	2.36
0.1008	1.1	2.36
0.101	1.14	2.2
0.1012	1.14	2.2
0.1014	1.1	2.24
0.10160000000000001	1.14	2.2
0.1018	1.12	2.32
0.10200000000000001	1.12	2.32
0.1022	1.18	2.52
0.1024	1.18	2.52
0.10260000000000001	1.12	2.799
0.1028	1.18	2.76
0.10300000000000001	1.12	3.0
0.1032	1.18	3.0
0.1034	1.12	3.28
0.10360000000000001	1.18	3.24
0.1038	1.12	3.44
0.10400000000000001	1.12	3.4
0.1042	1.18	3.52
0.1044	1.12	3.48
0.1046	1.18	3.52
0.1048	1.12	3.48
0.10500000000000001	1.18	3.32
0.1052	1.12	3.32
0.10540000000000001	1.18	3.12
0.1056	1.18	3.12
0.1058	1.12	2.799
0.10600000000000001	1.18	2.84
0.1062	1.14	2.56
0.10640000000000001	1.18	2.6
0.1066	1.12	2.32
0.1068	1.12	2.36
0.10700000000000001	1.18	2.2
0.1072	1.12	2.24
0.10740000000000001	1.18	2.16
0.1076	1.18	2.16
0.1078	1.12	2.32
0.108	1.18	2.28
0.1082	1.12	2.44
0.10840000000000001	1.12	2.4
0.1086	1.16	2.68
0.10880000000000001	1.14	2.64
0.109	1.12	2.959
0.1092	1.12	2.92
0.10940000000000001	1.16	3.2
0.1096	1.12	3.16
0.10980000000000001	1.16	3.32
0.11	1.12	3.28
0.1102	1.18	3.44
0.11040000000000001	1.14	3.44
0.1106	1.12	3.4
0.11080000000000001	1.12	3.44
0.111	1.18	3.28
0.11120000000000001	1.12	3.32
0.1114	1.16	3.12
0.1116	1.14	3.12
0.11180000000000001	1.12	2.879
0.112	1.12	2.879
0.11220000000000001	1.18	2.56
0.1124	1.12	2.6
0.1126	1.14	2.4
0.11280000000000001	1.14	2.44
0.113	1.12	2.2
0.11320000000000001	1.14	2.24
0.1134	1.1	2.16
0.1136	1.14	2.16
0.11380000000000001	1.1	2.2
0.114	1.12	2.16
0.11420000000000001	1.06	2.32
0.1144	1.08	2.28
0.11460000000000001	1.04	2.48
0.1148	1.08	2.44
0.115	1.04	2.68
0.11520000000000001	1.06	2.64
0.1154	1.0	2.92
0.11560000000000001	1.02	2.879
0.1158	0.98	3.08
0.116	0.98	3.04
0.11620000000000001	0.92	3.2
0.1164	0.96	3.2
0.11660000000000001	0.9	3.32
0.1168	0.94	3.28
0.117	0.86	3.4
0.11720000000000001	0.9	3.4
0.1174	0.82	3.32
0.11760000000000001	0.88	3.4
0.1178	0.8	3.28
0.11800000000000001	0.88	3.32
0.1182	0.8	3.16
0.1184	0.84	3.2
0.11860000000000001	0.76	3.04
0.1188	0.76	3.08
0.11900000000000001	0.82	2.92
0.1192	0.8	2.959
0.1194	0.84	2.76
0.11960000000000001	0.84	2.799
0.1198	0.76	2.64
0.12000000000000001	0.78	2.68
0.1202	0.58	2.52
0.12040000000000001	0.58	2.56
0.1206	0.8	2.4
0.1208	0.8	2.4
0.12100000000000001	0.94	2.28
0.1212	0.92	2.32
0.12140000000000001	0.86	2.2
0.1216	0.88	2.24
0.1218	0.94	2.16
0.12200000000000001	0.88	2.2
0.1222	0.94	2.08
0.12240000000000001	0.92	2.12
0.1226	0.98	2.08
0.1228	0.96	2.08
0.12300000000000001	0.86	2.16
0.1232	0.88	2.08
0.12340000000000001	0.82	2.2
0.1236	0.82	2.16
0.12380000000000001	0.88	2.24
0.124	0.86	2.2
0.1242	0.96	2.32
0.12440000000000001	0.96	2.28
0.1246	0.86	2.4
0.12480000000000001	0.9	2.36
0.125	0.8	2.48
0.1252	0.8	2.44
0.1254	0.84	2.6
0.12560000000000002	0.84	2.52
0.1258	0.76	2.68
0.126	0.78	2.64
0.1262	0.84	2.799
0.1264	0.8	2.76
0.12660000000000002	0.84	2.84
0.1268	0.84	2.799
0.127	0.8	2.959
0.1272	0.82	2.879
0.1274	0.88	3.04
0.12760000000000002	0.86	3.0
0.1278	0.9	3.08
0.128	0.86	3.04
0.1282	0.9	3.16
0.12840000000000001	0.88	3.12
0.12860000000000002	0.94	3.2
0.1288	0.88	3.2
0.129	0.94	3.16
0.1292	0.92	3.16
0.12940000000000002	0.96	3.28
0.1296	0.96	3.24
0.1298	0.92	3.28
0.13	0.94	3.28
0.1302	1.0	3.24
0.13040000000000002	0.94	3.28
0.1306	1.0	3.16
0.1308	0.98	3.16
0.131	1.0	3.2
0.1312	0.98	3.2
0.13140000000000002	1.02	3.12
0.1316	0.98	3.16
0.1318	1.02	3.04
0.132	1.02	3.08
0.1322	1.0	3.04
0.13240000000000002	1.0	3.08
0.1326	1.06	2.959
0.1328	1.0	2.959
0.133	1.06	2.879
0.1332	1.06	2.92
0.13340000000000002	1.0	2.799
0.1336	1.04	2.84
0.1338	1.06	2.68
0.134	1.04	2.719
0.1342	1.08	2.64
0.13440000000000002	1.04	2.68
0.1346	1.08	2.56
0.1348	1.08	2.6
0.135	1.06	2.44
0.13520000000000001	1.08	2.48
0.13540000000000002	1.06	2.4
0.1356	1.06	2.44
0.1358	1.12	2.32
0.136	1.06	2.36
0.13620000000000002	1.12	2.28
0.1364	1.12	2.32
0.1366	1.08	2.2
0.1368	1.12	2.24
0.137	1.1	2.16
0.13720000000000002	1.12	2.2
0.1374	1.1	2.08
0.1376	1.1	2.12
0.1378	1.12	2.04
0.138	1.12	2.04
0.13820000000000002	1.1	2.08
0.1384	1.1	2.04
0.1386	1.12	2.08
0.1388	1.12	2.08
0.139	1.1	1.959
0.13920000000000002	1.1	2.04
0.1394	1.14	2.08
0.1396	1.1	2.04
0.1398	1.14	2.08
0.14	1.1	2.04
0.14020000000000002	1.14	2.12
0.1404	1.14	2.12
0.1406	1.1	2.08
0.1408	1.1	2.08
0.14100000000000001	1.14	2.2
0.14120000000000002	1.1	2.16
0.1414	1.14	2.24
0.1416	1.14	2.2
0.1418	1.1	2.32
0.14200000000000002	1.1	2.28
0.1422	1.14	2.36
0.1424	1.1	2.32
0.1426	1.14	2.48
0.1428	1.14	2.44
0.14300000000000002	1.1	2.56
0.1432	1.1	2.52
0.1434	1.14	2.6
0.1436	1.1	2.56
0.1438	1.14	2.719
0.14400000000000002	1.14	2.64
0.1442	1.1	2.799
0.1444	1.14	2.76
0.1446	1.1	2.84
0.1448	1.14	2.799
0.14500000000000002	1.1	2.92
0.1452	1.14	2.879
0.1454	1.1	2.959
0.1456	1.14	2.959
0.1458	1.1	2.92
0.14600000000000002	1.14	2.959
0.1462	1.12	3.04
0.1464	1.14	3.0
0.1466	1.1	3.08
0.1468	1.14	3.08
0.14700000000000002	1.1	3.04
0.1472	1.14	3.08
0.1474	1.1	3.04
0.1476	1.14	3.08
0.14780000000000001	1.1	3.04
0.14800000000000002	1.1	3.08
0.1482	1.14	3.0
0.1484	1.1	3.04
0.1486	1.14	2.959
0.14880000000000002	1.14	3.0
0.149	1.1	2.92
0.1492	1.14	2.959
0.1494	1.1	2.879
0.1496	1.14	2.92
0.14980000000000002	1.1	2.76
0.15	1.14	2.799
0.1502	1.1	2.68
0.1504	1.14	2.719
0.1506	1.1	2.56
0.15080000000000002	1.1	2.6
0.151	1.14	2.52
0.1512	1.14	2.56
0.1514	1.1	2.4
0.1516	1.1	2.44
0.15180000000000002	1.14	2.28
0.152	1.14	2.32
0.1522	1.1	2.2
0.1524	1.14	2.24
0.1526	1.1	2.08
0.15280000000000002	1.14	2.12
0.153	1.1	2.04
0.1532	1.14	2.08
0.1534	1.1	1.959
0.15360000000000001	1.1	2.0
0.15380000000000002	1.14	1.959
0.154	1.14	2.0
0.1542	1.1	1.92
0.1544	1.14	1.959
0.15460000000000002	1.1	1.92
0.15480000000000002	1.14	1.92
0.155	1.1	2.0
0.1552	1.1	1.92
0.1554	1.14	2.0
0.15560000000000002	1.1	1.959
0.1558	1.14	2.12
0.156	1.1	2.08
0.1562	1.14	2.2
0.1564	1.1	2.16
0.15660000000000002	1.14	2.32
0.1568	1.1	2.28
0.157	1.14	2.36
0.1572	1.14	2.32
0.1574	1.1	2.56
0.15760000000000002	1.1	2.52
0.1578	1.14	2.68
0.158	1.1	2.64
0.1582	1.14	2.799
0.1584	1.14	2.76
0.15860000000000002	1.1	2.92
0.1588	1.1	2.799
0.159	1.14	2.959
0.1592	1.1	2.879
0.15940000000000001	1.14	2.959
0.15960000000000002	1.1	2.959
0.1598	1.14	2.799
0.16	1.14	2.92
0.1602	1.0	2.64
0.16040000000000001	1.02	2.64
0.16060000000000002	1.0	2.719
0.1608	1.02	2.68
0.161	1.0	2.719
0.1612	1.02	2.719
0.16140000000000002	1.0	2.68
0.16160000000000002	1.02	2.719
0.1618	1.0	2.68
0.162	1.02	2.799
0.1622	1.0	2.68
0.16240000000000002	1.02	2.719
0.1626	1.0	2.799
0.1628	1.02	2.799
0.163	1.0	2.68
0.1632	1.02	2.68
0.16340000000000002	1.0	2.76
0.1636	1.0	2.719
0.1638	1.04	2.68
0.164	1.0	2.68
0.1642	1.06	2.719
0.16440000000000002	1.0	2.719
0.1646	1.06	2.64
0.1648	1.06	2.64
0.165	1.0	2.719
0.1652	1.04	2.64
0.16540000000000002	1.06	2.68
0.1656	1.06	2.64
0.1658	1.02	2.68
0.166	1.04	2.68
0.16620000000000001	1.06	2.56
0.16640000000000002	1.04	2.6
0.1666	1.08	2.56
0.1668	1.04	2.6
0.167	1.08	2.56
0.16720000000000002	1.04	2.6
0.16740000000000002	1.08	2.52
0.1676	1.04	2.6
0.1678	1.08	2.52
0.168	1.08	2.52
0.16820000000000002	1.04	2.56
0.16840000000000002	1.08	2.56
0.1686	1.04	2.52
0.1688	1.08	2.56
0.169	1.06	2.44
0.16920000000000002	1.08	2.48
0.1694	1.06	2.44
0.1696	1.08	2.48
0.1698	1.06	2.44
0.17	1.08	2.48
0.17020000000000002	1.06	2.4
0.1704	1.06	2.4
0.1706	1.12	2.44
0.1708	1.12	2.44
0.171	1.06	2.32
0.17120000000000002	1.06	2.36
0.1714	1.12	2.32
0.1716	1.06	2.36
0.1718	1.14	2.6
0.17200000000000001	1.14	2.56
0.17220000000000002	1.1	2.68
0.1724	1.14	2.64
0.1726	1.1	2.76
0.1728	1.14	2.68
0.17300000000000001	1.12	2.84
0.17320000000000002	1.14	2.76
0.1734	1.12	2.92
0.1736	1.14	2.799
0.1738	1.12	2.92
0.17400000000000002	1.14	2.879
0.17420000000000002	1.1	2.959
0.1744	1.14	2.92
0.1746	1.1	3.04
0.1748	1.14	3.04
0.17500000000000002	1.1	3.0
0.1752	1.14	3.0
0.1754	1.1	3.08
0.1756	1.14	3.08
0.1758	1.1	3.0
0.17600000000000002	1.14	3.08
0.1762	1.1	3.04
0.1764	1.14	3.08
0.1766	1.1	3.04
0.1768	1.14	3.08
0.17700000000000002	1.1	3.04
0.1772	1.14	3.04
0.1774	1.1	3.08
0.1776	1.1	3.08
0.1778	1.14	3.04
0.17800000000000002	1.14	3.08
0.1782	1.1	3.0
0.1784	1.14	3.04
0.1786	1.1	2.92
0.17880000000000001	1.14	2.959
0.17900000000000002	1.1	2.879
0.1792	1.14	2.879
0.1794	1.1	2.92
0.1796	1.1	2.92
0.17980000000000002	1.14	2.799
0.18000000000000002	1.14	2.84
0.1802	1.1	2.76
0.1804	1.14	2.799
0.1806	1.1	2.68
0.18080000000000002	1.14	2.719
0.18100000000000002	1.1	2.64
0.1812	1.1	2.68
0.1814	1.14	2.56
0.1816	1.14	2.6
0.18180000000000002	1.1	2.44
0.182	1.14	2.52
0.1822	1.1	2.4
0.1824	1.14	2.44
0.1826	1.1	2.32
0.18280000000000002	1.1	2.36
0.183	1.14	2.28
0.1832	1.1	2.28
0.1834	1.14	2.36
0.1836	1.1	2.32
0.18380000000000002	1.14	2.2
0.184	1.14	2.24
0.1842	1.1	2.16
0.1844	1.14	2.2
0.18460000000000001	1.1	2.08
0.18480000000000002	1.14	2.16
0.185	1.1	2.08
0.1852	1.14	2.12
0.1854	1.1	2.08
0.18560000000000001	1.14	2.12
0.18580000000000002	1.1	2.04
0.186	1.1	2.04
0.1862	1.14	2.08
0.1864	1.14	2.04
0.18660000000000002	1.1	2.08
0.18680000000000002	1.1	2.04
0.187	1.14	2.08
0.1872	1.1	2.04
0.1874	1.12	2.12
0.18760000000000002	1.1	2.12
0.18780000000000002	1.14	2.08
0.188	1.12	2.08
0.1882	1.1	2.2
0.1884	1.1	2.16
0.18860000000000002	1.12	2.2
0.1888	1.12	2.16
0.189	1.1	2.24
0.1892	1.1	2.2
0.1894	1.12	2.32
0.18960000000000002	1.1	2.28
0.1898	1.12	2.36
0.19	1.12	2.32
0.1902	1.06	2.44
0.1904	1.12	2.4
0.19060000000000002	1.06	2.48
0.1908	1.12	2.44
0.191	1.06	2.56
0.1912	1.08	2.52
0.19140000000000001	1.06	2.6
0.19160000000000002	1.08	2.56
0.1918	1.04	2.719
0.192	1.08	2.64
0.1922	1.04	2.799
0.19240000000000002	1.04	2.76
0.19260000000000002	1.08	2.84
0.1928	1.08	2.799
0.193	1.02	2.92
0.1932	1.06	2.879
0.19340000000000002	1.0	3.0
0.19360000000000002	1.06	2.92
0.1938	1.0	3.08
0.194	1.06	3.04
0.1942	1.0	3.16
0.19440000000000002	1.0	3.12
0.19460000000000002	1.04	3.2
0.1948	1.02	3.16
0.195	1.0	3.2
0.1952	1.02	3.16
0.19540000000000002	0.98	3.28
0.1956	1.02	3.24
0.1958	0.98	3.28
0.196	1.0	3.24
0.1962	0.98	3.32
0.19640000000000002	1.0	3.32
0.1966	0.94	3.24
0.1968	0.94	3.32
0.197	0.96	3.28
0.19720000000000001	0.96	3.32
0.19740000000000002	0.92	3.24
0.1976	0.92	3.24
0.1978	0.96	3.28
0.198	0.94	3.28
0.19820000000000002	0.88	3.16
0.19840000000000002	0.9	3.2
0.1986	0.88	3.12
0.1988	0.9	3.16
0.199	0.86	3.04
0.19920000000000002	0.9	3.08
0.19940000000000002	0.82	3.0
0.1996	0.88	3.04
0.1998	0.8	2.92
0.2	0.84	2.959
0.20020000000000002	0.8	2.799
0.20040000000000002	0.84	2.84
0.2006	0.8	2.76
0.2008	0.8	2.799
0.201	0.84	2.64
0.20120000000000002	0.8	2.68
0.20140000000000002	0.84	2.52
0.2016	0.84	2.6
0.2018	0.8	2.44
0.202	0.82	2.48
0.20220000000000002	0.9	2.32
0.2024	0.94	2.36
0.2026	0.86	2.28
0.2028	0.88	2.32
0.203	0.82	2.2
0.20320000000000002	0.82	2.2
0.2034	0.88	2.16
0.2036	0.86	2.16
0.2038	0.96	2.2
0.20400000000000001	1.0	2.16
0.20420000000000002	0.92	2.2
0.2044	0.88	2.16
0.2046	0.94	2.24
0.2048	0.9	2.2
0.20500000000000002	0.88	2.36
0.20520000000000002	0.94	2.32
0.2054	0.8	2.48
0.2056	0.82	2.44
0.2058	0.5596	2.68
0.20600000000000002	0.6396	2.64
0.20620000000000002	0.84	2.799
0.2064	0.84	2.76
0.2066	0.8	2.959
0.2068	0.8	2.92
0.20700000000000002	0.82	3.12
0.20720000000000002	0.8	3.12
0.2074	0.84	3.28
0.2076	0.8	3.24
0.2078	0.88	3.4
0.20800000000000002	0.82	3.36
0.2082	0.9	3.44
0.2084	0.86	3.36
0.2086	0.94	3.44
0.2088	0.88	3.4
0.20900000000000002	0.96	3.28
0.2092	0.92	3.32
0.2094	1.0	3.12
0.2096	0.94	3.16
0.20980000000000001	1.02	2.959
0.21000000000000002	0.98	2.959
0.2102	1.06	2.76
0.2104	1.0	2.799
0.2106	1.08	2.56
0.21080000000000002	1.04	2.6
0.21100000000000002	1.08	2.4
0.2112	1.06	2.44
0.2114	1.12	2.28
0.2116	1.12	2.32
0.21180000000000002	1.1	2.16
0.21200000000000002	1.1	2.16
0.2122	1.14	2.24
0.2124	1.1	2.2
0.2126	1.14	2.32
0.21280000000000002	1.14	2.28
0.21300000000000002	1.12	2.44
0.2132	1.14	2.4
0.2134	1.12	2.68
0.2136	1.12	2.64
0.21380000000000002	1.16	2.84
0.21400000000000002	1.12	2.84
0.2142	1.18	3.08
0.2144	1.12	3.04
0.2146	1.18	3.28
0.21480000000000002	1.12	3.24
0.215	1.18	3.44
0.2152	1.18	3.4
0.2154	1.12	3.52
0.2156	1.12	3.52
0.21580000000000002	1.18	3.48
0.216	1.18	3.52
0.2162	1.12	3.36
0.2164	1.18	3.4
0.21660000000000001	1.12	3.24
0.21680000000000002	1.18	3.28
0.217	1.12	3.04
0.2172	1.18	3.04
0.2174	1.12	2.799
0.21760000000000002	1.12	2.799
0.21780000000000002	1.18	2.56
0.218	1.12	2.6
0.2182	1.18	2.4
0.2184	1.12	2.44
0.21860000000000002	1.18	2.28
0.21880000000000002	1.18	2.32
0.219	1.16	2.2
0.2192	1.18	2.24
0.2194	1.16	2.2
0.21960000000000002	1.16	2.2
0.21980000000000002	1.18	2.36
0.22	1.18	2.32
0.2202	1.16	2.56
0.2204	1.18	2.52
0.22060000000000002	1.16	2.799
0.22080000000000002	1.18	2.76
0.221	1.16	3.04
0.2212	1.16	3.0
0.2214	1.18	3.28
0.22160000000000002	1.16	3.24
0.2218	1.18	3.44
0.222	1.18	3.4
0.2222	1.12	3.56
0.22240000000000001	1.18	3.56
0.22260000000000002	1.14	3.52
0.2228	1.18	3.56
0.223	1.14	3.48
0.2232	1.18	3.52
0.22340000000000002	1.16	3.36
0.22360000000000002	1.16	3.4
0.2238	1.18	3.16
0.224	1.18	3.16
0.2242	1.16	2.92
0.22440000000000002	1.18	2.959
0.22460000000000002	1.12	2.68
0.2248	1.18	2.719
0.225	1.12	2.44
0.2252	1.12	2.48
0.22540000000000002	1.18	2.32
0.22560000000000002	1.12	2.36
0.2258	1.18	2.28
0.226	1.14	2.28
0.2262	1.12	2.32
0.22640000000000002	1.14	2.28
0.22660000000000002	1.1	2.44
0.2268	1.1	2.4
0.227	1.12	2.6
0.2272	1.12	2.56
0.22740000000000002	1.06	2.84
0.22760000000000002	1.08	2.799
0.2278	1.02	3.04
0.228	1.02	3.04
0.22820000000000001	0.98	3.32
0.22840000000000002	0.98	3.28
0.2286	0.92	3.52
0.2288	0.94	3.48
0.229	0.84	3.64
0.22920000000000001	0.84	3.6
0.22940000000000002	0.76	3.68
0.2296	0.78	3.68
0.2298	0.6797	3.56
0.23	0.7	3.64
0.23020000000000002	0.58	3.4
0.23040000000000002	0.5996	3.44
0.2306	0.4998	3.2
0.2308	0.5195	3.2
0.231	0.42	2.92
0.23120000000000002	0.46	2.959
0.23140000000000002	0.3599	2.719
0.2316	0.4	2.719
0.2318	0.3198	2.52
0.232	0.3599	2.56
0.23220000000000002	0.3198	2.32
0.23240000000000002	0.3198	2.36
0.2326	0.5195	2.28
0.2328	0.46	2.28
0.233	0.94	2.36
0.23320000000000002	0.88	2.32
0.23340000000000002	1.4	2.48
0.2336	1.32	2.44
0.2338	0.78	2.68
0.234	0.88	2.64
0.23420000000000002	0.4	2.92
0.23440000000000003	0.48	2.92
0.2346	0.2798	3.2
0.2348	0.4	3.16
0.23500000000000001	0.2798	3.44
0.23520000000000002	0.3198	3.4
0.2354	0.42	3.64
0.2356	0.38	3.6
0.2358	0.48	3.76
0.23600000000000002	0.46	3.719
0.23620000000000002	0.5596	3.76
0.2364	0.5195	3.76
0.2366	0.6396	3.6
0.2368	0.62	3.64
0.23700000000000002	0.7197	3.4
0.23720000000000002	0.6797	3.44
0.2374	0.78	3.24
0.2376	0.76	3.28
0.2378	0.88	2.92
0.23800000000000002	0.86	2.959
0.23820000000000002	0.94	2.64
0.2384	0.92	2.68
0.2386	1.0	2.44
0.2388	0.98	2.48
0.23900000000000002	1.06	2.32
0.23920000000000002	1.04	2.36
0.2394	1.08	2.32
0.2396	1.06	2.32
0.2398	1.12	2.48
